-6 -6 0.0455359
-5.80328 -6 0.0433178
-5.60656 -6 0.0409896
-5.40984 -6 0.0386922
-5.21311 -6 0.0365672
-5.01639 -6 0.0347392
-4.81967 -6 0.0333058
-4.62295 -6 0.0323356
-4.42623 -6 0.0318694
-4.22951 -6 0.0319239
-4.03279 -6 0.0324933
-3.83607 -6 0.033547
-3.63934 -6 0.0350269
-3.44262 -6 0.0368434
-3.2459 -6 0.0388766
-3.04918 -6 0.0409846
-2.85246 -6 0.0430187
-2.65574 -6 0.0448451
-2.45902 -6 0.0463653
-2.2623 -6 0.047529
-2.06557 -6 0.048333
-1.86885 -6 0.0488056
-1.67213 -6 0.048981
-1.47541 -6 0.0488723
-1.27869 -6 0.0484557
-1.08197 -6 0.0476719
-0.885246 -6 0.0464461
-0.688525 -6 0.0447182
-0.491803 -6 0.0424731
-0.295082 -6 0.0397577
-0.0983607 -6 0.0366784
0.0983607 -6 0.0337609
0.295082 -6 0.0304113
0.491803 -6 0.0270947
0.688525 -6 0.0239234
0.885246 -6 0.0210099
1.08197 -6 0.0184622
1.27869 -6 0.0163704
1.47541 -6 0.0147858
1.67213 -6 0.0137062
1.86885 -6 0.0130705
2.06557 -6 0.0127708
2.2623 -6 0.0126747
2.45902 -6 0.0126528
2.65574 -6 0.012599
2.85246 -6 0.0124403
3.04918 -6 0.0121341
3.2459 -6 0.0116587
3.44262 -6 0.0110041
3.63934 -6 0.0101678
3.83607 -6 0.00915835
4.03279 -6 0.00800116
4.22951 -6 0.00674323
4.42623 -6 0.00545077
4.62295 -6 0.00419961
4.81967 -6 0.00306128
5.01639 -6 0.00208986
5.21311 -6 0.00131446
5.40984 -6 0.000739233
5.60656 -6 0.000349394
5.80328 -6 0.000119523
-6 -5.80328 0.0433178
-5.80328 -5.80328 0.0393296
-5.60656 -5.80328 0.0353242
-5.40984 -5.80328 0.0315279
-5.21311 -5.80328 0.0281295
-5.01639 -5.80328 0.0252619
-4.81967 -5.80328 0.0230007
-4.62295 -5.80328 0.0213736
-4.42623 -5.80328 0.0203762
-4.22951 -5.80328 0.0199864
-4.03279 -5.80328 0.0201746
-3.83607 -5.80328 0.0209077
-3.63934 -5.80328 0.0221481
-3.44262 -5.80328 0.0238511
-3.2459 -5.80328 0.025962
-3.04918 -5.80328 0.028417
-2.85246 -5.80328 0.0311489
-2.65574 -5.80328 0.0340945
-2.45902 -5.80328 0.0372022
-2.2623 -5.80328 0.040433
-2.06557 -5.80328 0.0437514
-1.86885 -5.80328 0.0471071
-1.67213 -5.80328 0.0504133
-1.47541 -5.80328 0.0535286
-1.27869 -5.80328 0.056255
-1.08197 -5.80328 0.0583554
-0.885246 -5.80328 0.0595905
-0.688525 -5.80328 0.0597648
-0.491803 -5.80328 0.0587677
-0.295082 -5.80328 0.0565978
-0.0983607 -5.80328 0.0533623
0.0983607 -5.80328 0.0489007
0.295082 -5.80328 0.0442769
0.491803 -5.80328 0.0392661
0.688525 -5.80328 0.0340958
0.885246 -5.80328 0.0290092
1.08197 -5.80328 0.0242521
1.27869 -5.80328 0.0200475
1.47541 -5.80328 0.0165648
1.67213 -5.80328 0.0138944
1.86885 -5.80328 0.0120366
2.06557 -5.80328 0.0109107
2.2623 -5.80328 0.0103783
2.45902 -5.80328 0.0102749
2.65574 -5.80328 0.0104365
2.85246 -5.80328 0.010717
3.04918 -5.80328 0.0109927
3.2459 -5.80328 0.0111603
3.44262 -5.80328 0.0111346
3.63934 -5.80328 0.0108505
3.83607 -5.80328 0.0102708
4.03279 -5.80328 0.00939548
4.22951 -5.80328 0.00826584
4.42623 -5.80328 0.00696076
4.62295 -5.80328 0.00558275
4.81967 -5.80328 0.00423864
5.01639 -5.80328 0.00302073
5.21311 -5.80328 0.00199413
5.40984 -5.80328 0.00119287
5.60656 -5.80328 0.000623417
5.80328 -5.80328 0.00027196
-6 -5.60656 0.0409896
-5.80328 -5.60656 0.0353242
-5.60656 -5.60656 0.0298439
-5.40984 -5.60656 0.0248409
-5.21311 -5.60656 0.0205139
-5.01639 -5.60656 0.0169592
-4.81967 -5.60656 0.0141861
-4.62295 -5.60656 0.0121449
-4.42623 -5.60656 0.0107579
-4.22951 -5.60656 0.00994591
-4.03279 -5.60656 0.00964446
-3.83607 -5.60656 0.00981274
-3.63934 -5.60656 0.0104351
-3.44262 -5.60656 0.0115183
-3.2459 -5.60656 0.0130872
-3.04918 -5.60656 0.0151791
-2.85246 -5.60656 0.0178391
-2.65574 -5.60656 0.0211143
-2.45902 -5.60656 0.0250456
-2.2623 -5.60656 0.0296541
-2.06557 -5.60656 0.034922
-1.86885 -5.60656 0.0407676
-1.67213 -5.60656 0.0470231
-1.47541 -5.60656 0.0534223
-1.27869 -5.60656 0.0596084
-1.08197 -5.60656 0.0651648
-0.885246 -5.60656 0.0696675
-0.688525 -5.60656 0.0727456
-0.491803 -5.60656 0.0741371
-0.295082 -5.60656 0.0737229
-0.0983607 -5.60656 0.0715342
0.0983607 -5.60656 0.0664184
0.295082 -5.60656 0.0615421
0.491803 -5.60656 0.0556285
0.688525 -5.60656 0.0489781
0.885246 -5.60656 0.0419466
1.08197 -5.60656 0.0349227
1.27869 -5.60656 0.02829
1.47541 -5.60656 0.0223806
1.67213 -5.60656 0.0174354
1.86885 -5.60656 0.0135807
2.06557 -5.60656 0.0108276
2.2623 -5.60656 0.00909211
2.45902 -5.60656 0.00822533
2.65574 -5.60656 0.00804364
2.85246 -5.60656 0.00835068
3.04918 -5.60656 0.00894952
3.2459 -5.60656 0.00964883
3.44262 -5.60656 0.0102697
3.63934 -5.60656 0.0106569
3.83607 -5.60656 0.0106954
4.03279 -5.60656 0.0103258
4.22951 -5.60656 0.00955289
4.42623 -5.60656 0.00844241
4.62295 -5.60656 0.00710499
4.81967 -5.60656 0.00567222
5.01639 -5.60656 0.00427193
5.21311 -5.60656 0.0030095
5.40984 -5.60656 0.00195837
5.60656 -5.60656 0.00115914
5.80328 -5.60656 0.000623583
-6 -5.40984 0.0386922
-5.80328 -5.40984 0.0315279
-5.60656 -5.40984 0.0248409
-5.40984 -5.40984 0.0189662
-5.21311 -5.40984 0.0140849
-5.01639 -5.40984 0.0102327
-4.81967 -5.40984 0.00733575
-4.62295 -5.40984 0.00525637
-4.42623 -5.40984 0.00383532
-4.22951 -5.40984 0.00292287
-4.03279 -5.40984 0.00239865
-3.83607 -5.40984 0.00218342
-3.63934 -5.40984 0.0022461
-3.44262 -5.40984 0.0026076
-3.2459 -5.40984 0.00334108
-3.04918 -5.40984 0.00456729
-2.85246 -5.40984 0.00644407
-2.65574 -5.40984 0.00914946
-2.45902 -5.40984 0.0128581
-2.2623 -5.40984 0.0177113
-2.06557 -5.40984 0.0237823
-1.86885 -5.40984 0.0310398
-1.67213 -5.40984 0.0393186
-1.47541 -5.40984 0.0483052
-1.27869 -5.40984 0.0575475
-1.08197 -5.40984 0.0664925
-0.885246 -5.40984 0.0745485
-0.688525 -5.40984 0.0811583
-0.491803 -5.40984 0.0858682
-0.295082 -5.40984 0.0883771
-0.0983607 -5.40984 0.0885555
0.0983607 -5.40984 0.0841857
0.295082 -5.40984 0.0804318
0.491803 -5.40984 0.0748315
0.688525 -5.40984 0.0676849
0.885246 -5.40984 0.0594097
1.08197 -5.40984 0.0505116
1.27869 -5.40984 0.041534
1.47541 -5.40984 0.0329949
1.67213 -5.40984 0.0253282
1.86885 -5.40984 0.018843
2.06557 -5.40984 0.0137086
2.2623 -5.40984 0.00996352
2.45902 -5.40984 0.00753979
2.65574 -5.40984 0.00629052
2.85246 -5.40984 0.0060133
3.04918 -5.40984 0.00646676
3.2459 -5.40984 0.00738422
3.44262 -5.40984 0.00849027
3.63934 -5.40984 0.00952367
3.83607 -5.40984 0.0102652
4.03279 -5.40984 0.0105641
4.22951 -5.40984 0.0103547
4.42623 -5.40984 0.00965713
4.62295 -5.40984 0.00856296
4.81967 -5.40984 0.00720818
5.01639 -5.40984 0.00574402
5.21311 -5.40984 0.00431216
5.40984 -5.40984 0.00302885
5.60656 -5.40984 0.00197797
5.80328 -5.40984 0.00120977
-6 -5.21311 0.0365672
-5.80328 -5.21311 0.0281295
-5.60656 -5.21311 0.0205139
-5.40984 -5.21311 0.0140849
-5.21311 -5.21311 0.00900291
-5.01639 -5.21311 0.00525312
-4.81967 -5.21311 0.00269804
-4.62295 -5.21311 0.00113114
-4.42623 -5.21311 0.000318065
-4.22951 -5.21311 2.32611e-05
-4.03279 -5.21311 2.82538e-05
-3.83607 -5.21311 0.000149191
-3.63934 -5.21311 0.000257704
-3.44262 -5.21311 0.000303248
-3.2459 -5.21311 0.000331011
-3.04918 -5.21311 0.00048882
-2.85246 -5.21311 0.00101885
-2.65574 -5.21311 0.00223329
-2.45902 -5.21311 0.00447604
-2.2623 -5.21311 0.0080737
-2.06557 -5.21311 0.0132808
-1.86885 -5.21311 0.0202252
-1.67213 -5.21311 0.0288627
-1.47541 -5.21311 0.0389505
-1.27869 -5.21311 0.0500492
-1.08197 -5.21311 0.0615568
-0.885246 -5.21311 0.0727725
-0.688525 -5.21311 0.0829771
-0.491803 -5.21311 0.0915133
-0.295082 -5.21311 0.09785
-0.0983607 -5.21311 0.10162
0.0983607 -5.21311 0.0997997
0.295082 -5.21311 0.0987028
0.491803 -5.21311 0.0949132
0.688525 -5.21311 0.0886323
0.885246 -5.21311 0.0802568
1.08197 -5.21311 0.0703491
1.27869 -5.21311 0.0595764
1.47541 -5.21311 0.0486329
1.67213 -5.21311 0.038161
1.86885 -5.21311 0.0286903
2.06557 -5.21311 0.0206029
2.2623 -5.21311 0.0141263
2.45902 -5.21311 0.00934464
2.65574 -5.21311 0.00621749
2.85246 -5.21311 0.00459868
3.04918 -5.21311 0.00425248
3.2459 -5.21311 0.00487133
3.44262 -5.21311 0.00610083
3.63934 -5.21311 0.00757451
3.83607 -5.21311 0.00895552
4.03279 -5.21311 0.00997691
4.22951 -5.21311 0.0104704
4.42623 -5.21311 0.0103764
4.62295 -5.21311 0.00973362
4.81967 -5.21311 0.00865358
5.01639 -5.21311 0.00728906
5.21311 -5.21311 0.00580448
5.40984 -5.21311 0.00435396
5.60656 -5.21311 0.00306763
5.80328 -5.21311 0.00204342
-6 -5.01639 0.0347392
-5.80328 -5.01639 0.0252619
-5.60656 -5.01639 0.0169592
-5.40984 -5.01639 0.0102327
-5.21311 -5.01639 0.00525312
-5.01639 -5.01639 0.00200518
-4.81967 -5.01639 0.000343432
-4.62295 -5.01639 3.55865e-05
-4.42623 -5.01639 0.000785882
-4.22951 -5.01639 0.00224674
-4.03279 -5.01639 0.00403406
-3.83607 -5.01639 0.00575835
-3.63934 -5.01639 0.00707364
-3.44262 -5.01639 0.00773522
-3.2459 -5.01639 0.00765088
-3.04918 -5.01639 0.00691153
-2.85246 -5.01639 0.00579266
-2.65574 -5.01639 0.00472622
-2.45902 -5.01639 0.00424787
-2.2623 -5.01639 0.0049273
-2.06557 -5.01639 0.00728994
-1.86885 -5.01639 0.0117385
-1.67213 -5.01639 0.018484
-1.47541 -5.01639 0.0274977
-1.27869 -5.01639 0.0384931
-1.08197 -5.01639 0.0509452
-0.885246 -5.01639 0.0641449
-0.688525 -5.01639 0.077277
-0.491803 -5.01639 0.0895078
-0.295082 -5.01639 0.100062
-0.0983607 -5.01639 0.108282
0.0983607 -5.01639 0.110872
0.295082 -5.01639 0.11386
0.491803 -5.01639 0.11344
0.688525 -5.01639 0.1096
0.885246 -5.01639 0.102606
1.08197 -5.01639 0.0929809
1.27869 -5.01639 0.0814415
1.47541 -5.01639 0.0688079
1.67213 -5.01639 0.0559093
1.86885 -5.01639 0.0435011
2.06557 -5.01639 0.0322096
2.2623 -5.01639 0.0225029
2.45902 -5.01639 0.014684
2.65574 -5.01639 0.0088933
2.85246 -5.01639 0.00511567
3.04918 -5.01639 0.00318915
3.2459 -5.01639 0.00282132
3.44262 -5.01639 0.00361874
3.63934 -5.01639 0.00513174
3.83607 -5.01639 0.00691011
4.03279 -5.01639 0.00855936
4.22951 -5.01639 0.00978503
4.42623 -5.01639 0.0104156
4.62295 -5.01639 0.0104017
4.81967 -5.01639 0.00979566
5.01639 -5.01639 0.00872134
5.21311 -5.01639 0.00734261
5.40984 -5.01639 0.00583699
5.60656 -5.01639 0.0043754
5.80328 -5.01639 0.00310646
-6 -4.81967 0.0333058
-5.80328 -4.81967 0.0230007
-5.60656 -4.81967 0.0141861
-5.40984 -4.81967 0.00733575
-5.21311 -4.81967 0.00269804
-5.01639 -4.81967 0.000343432
-4.81967 -4.81967 0.000201629
-4.62295 -4.81967 0.0020712
-4.42623 -4.81967 0.00560733
-4.22951 -4.81967 0.0103109
-4.03279 -4.81967 0.0155448
-3.83607 -4.81967 0.0205919
-3.63934 -4.81967 0.0247503
-3.44262 -4.81967 0.0274437
-3.2459 -4.81967 0.0283206
-3.04918 -4.81967 0.0273175
-2.85246 -4.81967 0.0246746
-2.65574 -4.81967 0.0209064
-2.45902 -4.81967 0.016735
-2.2623 -4.81967 0.0130016
-2.06557 -4.81967 0.0105647
-1.86885 -4.81967 0.0101973
-1.67213 -4.81967 0.0124903
-1.47541 -4.81967 0.0177755
-1.27869 -4.81967 0.0260773
-1.08197 -4.81967 0.0371037
-0.885246 -4.81967 0.050278
-0.688525 -4.81967 0.0648034
-0.491803 -4.81967 0.0797469
-0.295082 -4.81967 0.0941255
-0.0983607 -4.81967 0.106983
0.0983607 -4.81967 0.115338
0.295082 -4.81967 0.123429
0.491803 -4.81967 0.127728
0.688525 -4.81967 0.127891
0.885246 -4.81967 0.123927
1.08197 -4.81967 0.116194
1.27869 -4.81967 0.105343
1.47541 -4.81967 0.0922268
1.67213 -4.81967 0.0777956
1.86885 -4.81967 0.0629944
2.06557 -4.81967 0.0486889
2.2623 -4.81967 0.0356131
2.45902 -4.81967 0.0243385
2.65574 -4.81967 0.0152548
2.85246 -4.81967 0.00855573
3.04918 -4.81967 0.00423339
3.2459 -4.81967 0.00208459
3.44262 -4.81967 0.00173861
3.63934 -4.81967 0.00270756
3.83607 -4.81967 0.00445398
4.03279 -4.81967 0.00646309
4.22951 -4.81967 0.00830454
4.42623 -4.81967 0.00967188
4.62295 -4.81967 0.0103953
4.81967 -4.81967 0.0104316
5.01639 -4.81967 0.00983946
5.21311 -4.81967 0.00875061
5.40984 -4.81967 0.00734165
5.60656 -4.81967 0.00580939
5.80328 -4.81967 0.00434783
-6 -4.62295 0.0323356
-5.80328 -4.62295 0.0213736
-5.60656 -4.62295 0.0121449
-5.40984 -4.62295 0.00525637
-5.21311 -4.62295 0.00113114
-5.01639 -4.62295 3.55865e-05
-4.81967 -4.62295 0.0020712
-4.62295 -4.62295 0.00712641
-4.42623 -4.62295 0.0148144
-4.22951 -4.62295 0.0244382
-4.03279 -4.62295 0.0350177
-3.83607 -4.62295 0.0453914
-3.63934 -4.62295 0.0543743
-3.44262 -4.62295 0.0609353
-3.2459 -4.62295 0.0643507
-3.04918 -4.62295 0.0643026
-2.85246 -4.62295 0.060909
-2.65574 -4.62295 0.0546937
-2.45902 -4.62295 0.0465113
-2.2623 -4.62295 0.0374451
-2.06557 -4.62295 0.0286921
-1.86885 -4.62295 0.0214416
-1.67213 -4.62295 0.0167541
-1.47541 -4.62295 0.0154509
-1.27869 -4.62295 0.0180274
-1.08197 -4.62295 0.0246016
-0.885246 -4.62295 0.0349079
-0.688525 -4.62295 0.0483323
-0.491803 -4.62295 0.0639796
-0.295082 -4.62295 0.0807576
-0.0983607 -4.62295 0.0974654
0.0983607 -4.62295 0.111803
0.295082 -4.62295 0.125306
0.491803 -4.62295 0.135175
0.688525 -4.62295 0.140628
0.885246 -4.62295 0.141283
1.08197 -4.62295 0.137189
1.27869 -4.62295 0.128785
1.47541 -4.62295 0.116824
1.67213 -4.62295 0.10226
1.86885 -4.62295 0.0861475
2.06557 -4.62295 0.0695411
2.2623 -4.62295 0.0534282
2.45902 -4.62295 0.03867
2.65574 -4.62295 0.0259546
2.85246 -4.62295 0.0157559
3.04918 -4.62295 0.00830224
3.2459 -4.62295 0.00356531
3.44262 -4.62295 0.00127673
3.63934 -4.62295 0.000977288
3.83607 -4.62295 0.00209166
4.03279 -4.62295 0.00401423
4.22951 -4.62295 0.00618823
4.42623 -4.62295 0.00816365
4.62295 -4.62295 0.00962728
4.81967 -4.62295 0.0104072
5.01639 -4.62295 0.0104594
5.21311 -4.62295 0.00984598
5.40984 -4.62295 0.00871008
5.60656 -4.62295 0.00724971
5.80328 -4.62295 0.00568945
-6 -4.42623 0.0318694
-5.80328 -4.42623 0.0203762
-5.60656 -4.42623 0.0107579
-5.40984 -4.42623 0.00383532
-5.21311 -4.42623 0.000318065
-5.01639 -4.42623 0.000785882
-4.81967 -4.42623 0.00560733
-4.62295 -4.42623 0.0148144
-4.42623 -4.42623 0.0279837
-4.22951 -4.42623 0.0441829
-4.03279 -4.42623 0.0620229
-3.83607 -4.42623 0.0798176
-3.63934 -4.42623 0.0958159
-3.44262 -4.42623 0.108448
-3.2459 -4.42623 0.116529
-3.04918 -4.42623 0.119388
-2.85246 -4.42623 0.116907
-2.65574 -4.42623 0.109492
-2.45902 -4.42623 0.098003
-2.2623 -4.42623 0.0836547
-2.06557 -4.42623 0.0679062
-1.86885 -4.42623 0.0523382
-1.67213 -4.42623 0.038516
-1.47541 -4.42623 0.0278475
-1.27869 -4.42623 0.0214486
-1.08197 -4.42623 0.0200363
-0.885246 -4.42623 0.0238662
-0.688525 -4.42623 0.0327195
-0.491803 -4.42623 0.0459367
-0.295082 -4.42623 0.0624846
-0.0983607 -4.42623 0.0810451
0.0983607 -4.42623 0.0999541
0.295082 -4.42623 0.118217
0.491803 -4.42623 0.13373
0.688525 -4.42623 0.145198
0.885246 -4.42623 0.151734
1.08197 -4.42623 0.152924
1.27869 -4.42623 0.148835
1.47541 -4.42623 0.139948
1.67213 -4.42623 0.12707
1.86885 -4.42623 0.111231
2.06557 -4.42623 0.0935795
2.2623 -4.42623 0.0752964
2.45902 -4.42623 0.057514
2.65574 -4.42623 0.041238
2.85246 -4.42623 0.0272726
3.04918 -4.42623 0.0161567
3.2459 -4.42623 0.00812372
3.44262 -4.42623 0.00309779
3.63934 -4.42623 0.00073279
3.83607 -4.42623 0.000486674
4.03279 -4.42623 0.00171588
4.22951 -4.42623 0.0037692
4.42623 -4.42623 0.00606388
4.62295 -4.42623 0.00813501
4.81967 -4.42623 0.00965829
5.01639 -4.42623 0.010453
5.21311 -4.42623 0.0104727
5.40984 -4.42623 0.00978875
5.60656 -4.42623 0.00856722
5.80328 -4.42623 0.00703886
-6 -4.22951 0.0319239
-5.80328 -4.22951 0.0199864
-5.60656 -4.22951 0.00994591
-5.40984 -4.22951 0.00292287
-5.21311 -4.22951 2.32611e-05
-5.01639 -4.22951 0.00224674
-4.81967 -4.22951 0.0103109
-4.62295 -4.22951 0.0244382
-4.42623 -4.22951 0.0441829
-4.22951 -4.22951 0.068371
-4.03279 -4.22951 0.0951906
-3.83607 -4.22951 0.122418
-3.63934 -4.22951 0.14772
-3.44262 -4.22951 0.16896
-3.2459 -4.22951 0.184434
-3.04918 -4.22951 0.193012
-2.85246 -4.22951 0.194185
-2.65574 -4.22951 0.188048
-2.45902 -4.22951 0.175249
-2.2623 -4.22951 0.156928
-2.06557 -4.22951 0.134639
-1.86885 -4.22951 0.110248
-1.67213 -4.22951 0.0858023
-1.47541 -4.22951 0.0633512
-1.27869 -4.22951 0.0447614
-1.08197 -4.22951 0.0315375
-0.885246 -4.22951 0.0246847
-0.688525 -4.22951 0.0246285
-0.491803 -4.22951 0.0311946
-0.295082 -4.22951 0.0436413
-0.0983607 -4.22951 0.060733
0.0983607 -4.22951 0.0810268
0.295082 -4.22951 0.102242
0.491803 -4.22951 0.122451
0.688525 -4.22951 0.13982
0.885246 -4.22951 0.152869
1.08197 -4.22951 0.160597
1.27869 -4.22951 0.162526
1.47541 -4.22951 0.158687
1.67213 -4.22951 0.149555
1.86885 -4.22951 0.13596
2.06557 -4.22951 0.119002
2.2623 -4.22951 0.0999461
2.45902 -4.22951 0.0801303
2.65574 -4.22951 0.0608551
2.85246 -4.22951 0.0432739
3.04918 -4.22951 0.0282877
3.2459 -4.22951 0.0164681
3.44262 -4.22951 0.00802238
3.63934 -4.22951 0.00281157
3.83607 -4.22951 0.00041499
4.03279 -4.22951 0.000225609
4.22951 -4.22951 0.0015532
4.42623 -4.22951 0.00371582
4.62295 -4.22951 0.00610814
4.81967 -4.22951 0.00824483
5.01639 -4.22951 0.00978362
5.21311 -4.22951 0.0105342
5.40984 -4.22951 0.0104562
5.60656 -4.22951 0.00964483
5.80328 -4.22951 0.008304
-6 -4.03279 0.0324933
-5.80328 -4.03279 0.0201746
-5.60656 -4.03279 0.00964446
-5.40984 -4.03279 0.00239865
-5.21311 -4.03279 2.82538e-05
-5.01639 -4.03279 0.00403406
-4.81967 -4.03279 0.0155448
-4.62295 -4.03279 0.0350177
-4.42623 -4.03279 0.0620229
-4.22951 -4.03279 0.0951906
-4.03279 -4.03279 0.132348
-3.83607 -4.03279 0.170805
-3.63934 -4.03279 0.207713
-3.44262 -4.03279 0.240395
-3.2459 -4.03279 0.26659
-3.04918 -4.03279 0.28459
-2.85246 -4.03279 0.293292
-2.65574 -4.03279 0.292209
-2.45902 -4.03279 0.281473
-2.2623 -4.03279 0.261854
-2.06557 -4.03279 0.23475
-1.86885 -4.03279 0.202143
-1.67213 -4.03279 0.166476
-1.47541 -4.03279 0.130455
-1.27869 -4.03279 0.0967962
-1.08197 -4.03279 0.0679616
-0.885246 -4.03279 0.0459307
-0.688525 -4.03279 0.0320335
-0.491803 -4.03279 0.0268593
-0.295082 -4.03279 0.0302371
-0.0983607 -4.03279 0.0412752
0.0983607 -4.03279 0.0582431
0.295082 -4.03279 0.0793405
0.491803 -4.03279 0.10208
0.688525 -4.03279 0.124129
0.885246 -4.03279 0.143391
1.08197 -4.03279 0.158184
1.27869 -4.03279 0.167348
1.47541 -4.03279 0.170284
1.67213 -4.03279 0.166933
1.86885 -4.03279 0.157732
2.06557 -4.03279 0.143542
2.2623 -4.03279 0.125558
2.45902 -4.03279 0.105207
2.65574 -4.03279 0.0840128
2.85246 -4.03279 0.0634524
3.04918 -4.03279 0.0448066
3.2459 -4.03279 0.0290378
3.44262 -4.03279 0.0167148
3.63934 -4.03279 0.00799856
3.83607 -4.03279 0.00268691
4.03279 -4.03279 0.00030033
4.22951 -4.03279 0.000186497
4.42623 -4.03279 0.00162134
4.62295 -4.03279 0.00389327
4.81967 -4.03279 0.00636678
5.01639 -4.03279 0.00852821
5.21311 -4.03279 0.0100173
5.40984 -4.03279 0.010645
5.60656 -4.03279 0.0103951
5.80328 -4.03279 0.00940528
-6 -3.83607 0.033547
-5.80328 -3.83607 0.0209077
-5.60656 -3.83607 0.00981274
-5.40984 -3.83607 0.00218342
-5.21311 -3.83607 0.000149191
-5.01639 -3.83607 0.00575835
-4.81967 -3.83607 0.0205919
-4.62295 -3.83607 0.0453914
-4.42623 -3.83607 0.0798176
-4.22951 -3.83607 0.122418
-4.03279 -3.83607 0.170805
-3.83607 -3.83607 0.221985
-3.63934 -3.83607 0.272731
-3.44262 -3.83607 0.319897
-3.2459 -3.83607 0.360641
-3.04918 -3.83607 0.392533
-2.85246 -3.83607 0.413622
-2.65574 -3.83607 0.422508
-2.45902 -3.83607 0.418443
-2.2623 -3.83607 0.401468
-2.06557 -3.83607 0.372526
-1.86885 -3.83607 0.333494
-1.67213 -3.83607 0.287086
-1.47541 -3.83607 0.23663
-1.27869 -3.83607 0.185742
-1.08197 -3.83607 0.137966
-0.885246 -3.83607 0.096442
-0.688525 -3.83607 0.0636378
-0.491803 -3.83607 0.0411796
-0.295082 -3.83607 0.0297634
-0.0983607 -3.83607 0.0291445
0.0983607 -3.83607 0.0371015
0.295082 -3.83607 0.0537253
0.491803 -3.83607 0.075481
0.688525 -3.83607 0.099666
0.885246 -3.83607 0.123616
1.08197 -3.83607 0.144946
1.27869 -3.83607 0.161719
1.47541 -3.83607 0.172555
1.67213 -3.83607 0.176676
1.86885 -3.83607 0.173913
2.06557 -3.83607 0.164676
2.2623 -3.83607 0.149894
2.45902 -3.83607 0.130915
2.65574 -3.83607 0.109364
2.85246 -3.83607 0.0869647
3.04918 -3.83607 0.065349
3.2459 -3.83607 0.0458858
3.44262 -3.83607 0.0295578
3.63934 -3.83607 0.0169053
3.83607 -3.83607 0.00803965
4.03279 -3.83607 0.00270819
4.22951 -3.83607 0.00038991
4.42623 -3.83607 0.000397241
4.62295 -3.83607 0.00197005
4.81967 -3.83607 0.00435643
5.01639 -3.83607 0.006881
5.21311 -3.83607 0.00900185
5.40984 -3.83607 0.0103536
5.60656 -3.83607 0.0107704
5.80328 -3.83607 0.0102819
-6 -3.63934 0.0350269
-5.80328 -3.63934 0.0221481
-5.60656 -3.63934 0.0104351
-5.40984 -3.63934 0.0022461
-5.21311 -3.63934 0.000257704
-5.01639 -3.63934 0.00707364
-4.81967 -3.63934 0.0247503
-4.62295 -3.63934 0.0543743
-4.42623 -3.63934 0.0958159
-4.22951 -3.63934 0.14772
-4.03279 -3.63934 0.207713
-3.83607 -3.63934 0.272731
-3.63934 -3.63934 0.339358
-3.44262 -3.63934 0.404082
-3.2459 -3.63934 0.463448
-3.04918 -3.63934 0.514145
-2.85246 -3.63934 0.553095
-2.65574 -3.63934 0.577625
-2.45902 -3.63934 0.585723
-2.2623 -3.63934 0.57634
-2.06557 -3.63934 0.54965
-1.86885 -3.63934 0.507188
-1.67213 -3.63934 0.451778
-1.47541 -3.63934 0.387282
-1.27869 -3.63934 0.318192
-1.08197 -3.63934 0.249175
-0.885246 -3.63934 0.18463
-0.688525 -3.63934 0.12833
-0.491803 -3.63934 0.0831616
-0.295082 -3.63934 0.0509692
-0.0983607 -3.63934 0.0324724
0.0983607 -3.63934 0.0253639
0.295082 -3.63934 0.0319474
0.491803 -3.63934 0.047825
0.688525 -3.63934 0.0701426
0.885246 -3.63934 0.0958113
1.08197 -3.63934 0.121799
1.27869 -3.63934 0.145374
1.47541 -3.63934 0.164278
1.67213 -3.63934 0.17686
1.86885 -3.63934 0.182144
2.06557 -3.63934 0.179868
2.2623 -3.63934 0.17047
2.45902 -3.63934 0.155014
2.65574 -3.63934 0.135048
2.85246 -3.63934 0.112412
3.04918 -3.63934 0.0890081
3.2459 -3.63934 0.066578
3.44262 -3.63934 0.0465321
3.63934 -3.63934 0.0298422
3.83607 -3.63934 0.0170135
4.03279 -3.63934 0.00811749
4.22951 -3.63934 0.00286618
4.42623 -3.63934 0.000703757
4.62295 -3.63934 0.000901086
4.81967 -3.63934 0.00264728
5.01639 -3.63934 0.00513757
5.21311 -3.63934 0.0076561
5.40984 -3.63934 0.00964729
5.60656 -3.63934 0.0107656
5.80328 -3.63934 0.0108933
-6 -3.44262 0.0368434
-5.80328 -3.44262 0.0238511
-5.60656 -3.44262 0.0115183
-5.40984 -3.44262 0.0026076
-5.21311 -3.44262 0.000303248
-5.01639 -3.44262 0.00773522
-4.81967 -3.44262 0.0274437
-4.62295 -3.44262 0.0609353
-4.42623 -3.44262 0.108448
-4.22951 -3.44262 0.16896
-4.03279 -3.44262 0.240395
-3.83607 -3.44262 0.319897
-3.63934 -3.44262 0.404082
-3.44262 -3.44262 0.489176
-3.2459 -3.44262 0.571085
-3.04918 -3.44262 0.64545
-2.85246 -3.44262 0.707803
-2.65574 -3.44262 0.753872
-2.45902 -3.44262 0.780041
-2.2623 -3.44262 0.783852
-2.06557 -3.44262 0.764438
-1.86885 -3.44262 0.722755
-1.67213 -3.44262 0.661547
-1.47541 -3.44262 0.585045
-1.27869 -3.44262 0.498488
-1.08197 -3.44262 0.407577
-0.885246 -3.44262 0.317942
-0.688525 -3.44262 0.234709
-0.491803 -3.44262 0.162171
-0.295082 -3.44262 0.103549
-0.0983607 -3.44262 0.0608344
0.0983607 -3.44262 0.0326409
0.295082 -3.44262 0.0226054
0.491803 -3.44262 0.0264267
0.688525 -3.44262 0.0414075
0.885246 -3.44262 0.0642714
1.08197 -3.44262 0.0914965
1.27869 -3.44262 0.119619
1.47541 -3.44262 0.14549
1.67213 -3.44262 0.166479
1.86885 -3.44262 0.180644
2.06557 -3.44262 0.186842
2.2623 -3.44262 0.184785
2.45902 -3.44262 0.175017
2.65574 -3.44262 0.158793
2.85246 -3.44262 0.137886
3.04918 -3.44262 0.114324
3.2459 -3.44262 0.0901372
3.44262 -3.44262 0.067127
3.63934 -3.44262 0.046709
3.83607 -3.44262 0.0298346
4.03279 -3.44262 0.0169823
4.22951 -3.44262 0.00819684
4.42623 -3.44262 0.00315836
4.62295 -3.44262 0.00126523
4.81967 -3.44262 0.00172694
5.01639 -3.44262 0.00366534
5.21311 -3.44262 0.00622057
5.40984 -3.44262 0.00865168
5.60656 -3.44262 0.0104169
5.80328 -3.44262 0.0112187
-6 -3.2459 0.0388766
-5.80328 -3.2459 0.025962
-5.60656 -3.2459 0.0130872
-5.40984 -3.2459 0.00334108
-5.21311 -3.2459 0.000331011
-5.01639 -3.2459 0.00765088
-4.81967 -3.2459 0.0283206
-4.62295 -3.2459 0.0643507
-4.42623 -3.2459 0.116529
-4.22951 -3.2459 0.184434
-4.03279 -3.2459 0.26659
-3.83607 -3.2459 0.360641
-3.63934 -3.2459 0.463448
-3.44262 -3.2459 0.571085
-3.2459 -3.2459 0.678797
-3.04918 -3.2459 0.781056
-2.85246 -3.2459 0.871801
-2.65574 -3.2459 0.944934
-2.45902 -3.2459 0.995002
-2.2623 -3.2459 1.01792
-2.06557 -3.2459 1.01157
-1.86885 -3.2459 0.976121
-1.67213 -3.2459 0.913989
-1.47541 -3.2459 0.829514
-1.27869 -3.2459 0.728412
-1.08197 -3.2459 0.617161
-0.885246 -3.2459 0.502432
-0.688525 -3.2459 0.390611
-0.491803 -3.2459 0.287422
-0.295082 -3.2459 0.197624
-0.0983607 -3.2459 0.124762
0.0983607 -3.2459 0.0695829
0.295082 -3.2459 0.0356877
0.491803 -3.2459 0.0202579
0.688525 -3.2459 0.0211337
0.885246 -3.2459 0.0351765
1.08197 -3.2459 0.058627
1.27869 -3.2459 0.0874576
1.47541 -3.2459 0.117697
1.67213 -3.2459 0.145724
1.86885 -3.2459 0.16852
2.06557 -3.2459 0.183892
2.2623 -3.2459 0.190606
2.45902 -3.2459 0.188441
2.65574 -3.2459 0.178112
2.85246 -3.2459 0.161094
3.04918 -3.2459 0.139354
3.2459 -3.2459 0.115059
3.44262 -3.2459 0.0903114
3.63934 -3.2459 0.0669313
3.83607 -3.2459 0.04633
4.03279 -3.2459 0.0294479
4.22951 -3.2459 0.0167487
4.42623 -3.2459 0.00825143
4.62295 -3.2459 0.0035879
4.81967 -3.2459 0.00208476
5.01639 -3.2459 0.00286842
5.21311 -3.2459 0.00498835
5.40984 -3.2459 0.00754484
5.60656 -3.2459 0.00980115
5.80328 -3.2459 0.0112599
-6 -3.04918 0.0409846
-5.80328 -3.04918 0.028417
-5.60656 -3.04918 0.0151791
-5.40984 -3.04918 0.00456729
-5.21311 -3.04918 0.00048882
-5.01639 -3.04918 0.00691153
-4.81967 -3.04918 0.0273175
-4.62295 -3.04918 0.0643026
-4.42623 -3.04918 0.119388
-4.22951 -3.04918 0.193012
-4.03279 -3.04918 0.28459
-3.83607 -3.04918 0.392533
-3.63934 -3.04918 0.514145
-3.44262 -3.04918 0.64545
-3.2459 -3.04918 0.781056
-3.04918 -3.04918 0.914218
-2.85246 -3.04918 1.03721
-2.65574 -3.04918 1.14204
-2.45902 -3.04918 1.22133
-2.2623 -3.04918 1.2693
-2.06557 -3.04918 1.28245
-1.86885 -3.04918 1.25993
-1.67213 -3.04918 1.20356
-1.47541 -3.04918 1.11738
-1.27869 -3.04918 1.00715
-1.08197 -3.04918 0.879684
-0.885246 -3.04918 0.742333
-0.688525 -3.04918 0.602491
-0.491803 -3.04918 0.467226
-0.295082 -3.04918 0.342914
-0.0983607 -3.04918 0.234883
0.0983607 -3.04918 0.146803
0.295082 -3.04918 0.0816677
0.491803 -3.04918 0.0392343
0.688525 -3.04918 0.0183036
0.885246 -3.04918 0.0162692
1.08197 -3.04918 0.0294764
1.27869 -3.04918 0.0536018
1.47541 -3.04918 0.0840309
1.67213 -3.04918 0.116225
1.86885 -3.04918 0.146076
2.06557 -3.04918 0.170225
2.2623 -3.04918 0.186314
2.45902 -3.04918 0.193124
2.65574 -3.04918 0.190578
2.85246 -3.04918 0.179594
3.04918 -3.04918 0.161839
3.2459 -3.04918 0.139419
3.44262 -3.04918 0.114583
3.63934 -3.04918 0.0894642
3.83607 -3.04918 0.0658953
4.03279 -3.04918 0.0452954
4.22951 -3.04918 0.0286071
4.42623 -3.04918 0.0162783
4.62295 -3.04918 0.00828016
4.81967 -3.04918 0.00416311
5.01639 -3.04918 0.00315366
5.21311 -3.04918 0.00428577
5.40984 -3.04918 0.00655052
5.60656 -3.04918 0.00903851
5.80328 -3.04918 0.0110494
-6 -2.85246 0.0430187
-5.80328 -2.85246 0.0311489
-5.60656 -2.85246 0.0178391
-5.40984 -2.85246 0.00644407
-5.21311 -2.85246 0.00101885
-5.01639 -2.85246 0.00579266
-4.81967 -2.85246 0.0246746
-4.62295 -2.85246 0.060909
-4.42623 -2.85246 0.116907
-4.22951 -2.85246 0.194185
-4.03279 -2.85246 0.293292
-3.83607 -2.85246 0.413622
-3.63934 -2.85246 0.553095
-3.44262 -2.85246 0.707803
-3.2459 -2.85246 0.871801
-3.04918 -2.85246 1.03721
-2.85246 -2.85246 1.19475
-2.65574 -2.85246 1.33463
-2.45902 -2.85246 1.44769
-2.2623 -2.85246 1.52647
-2.06557 -2.85246 1.56603
-1.86885 -2.85246 1.56432
-1.67213 -2.85246 1.52214
-1.47541 -2.85246 1.44274
-1.27869 -2.85246 1.3313
-1.08197 -2.85246 1.19438
-0.885246 -2.85246 1.03946
-0.688525 -2.85246 0.874574
-0.491803 -2.85246 0.707943
-0.295082 -2.85246 0.54756
-0.0983607 -2.85246 0.400708
0.0983607 -2.85246 0.273747
0.295082 -2.85246 0.170534
0.491803 -2.85246 0.0934238
0.688525 -2.85246 0.0426041
0.885246 -2.85246 0.0164374
1.08197 -2.85246 0.0117894
1.27869 -2.85246 0.0244064
1.47541 -2.85246 0.0493166
1.67213 -2.85246 0.0812541
1.86885 -2.85246 0.115099
2.06557 -2.85246 0.146306
2.2623 -2.85246 0.171276
2.45902 -2.85246 0.187605
2.65574 -2.85246 0.194178
2.85246 -2.85246 0.191095
3.04918 -2.85246 0.179456
3.2459 -2.85246 0.161061
3.44262 -2.85246 0.138101
3.63934 -2.85246 0.112867
3.83607 -2.85246 0.0875225
4.03279 -2.85246 0.0639336
4.22951 -2.85246 0.0435439
4.42623 -2.85246 0.0272953
4.62295 -2.85246 0.0155923
4.81967 -2.85246 0.00831624
5.01639 -2.85246 0.00489969
5.21311 -2.85246 0.00445392
5.40984 -2.85246 0.00593191
5.60656 -2.85246 0.00829636
5.80328 -2.85246 0.0106612
-6 -2.65574 0.0448451
-5.80328 -2.65574 0.0340945
-5.60656 -2.65574 0.0211143
-5.40984 -2.65574 0.00914946
-5.21311 -2.65574 0.00223329
-5.01639 -2.65574 0.00472622
-4.81967 -2.65574 0.0209064
-4.62295 -2.65574 0.0546937
-4.42623 -2.65574 0.109492
-4.22951 -2.65574 0.188048
-4.03279 -2.65574 0.292209
-3.83607 -2.65574 0.422508
-3.63934 -2.65574 0.577625
-3.44262 -2.65574 0.753872
-3.2459 -2.65574 0.944934
-3.04918 -2.65574 1.14204
-2.85246 -2.65574 1.33463
-2.65574 -2.65574 1.51145
-2.45902 -2.65574 1.66183
-2.2623 -2.65574 1.77681
-2.06557 -2.65574 1.84999
-1.86885 -2.65574 1.87786
-1.67213 -2.65574 1.85974
-1.47541 -2.65574 1.79744
-1.27869 -2.65574 1.69484
-1.08197 -2.65574 1.55749
-0.885246 -2.65574 1.39241
-0.688525 -2.65574 1.20778
-0.491803 -2.65574 1.01271
-0.295082 -2.65574 0.816744
-0.0983607 -2.65574 0.629214
0.0983607 -2.65574 0.457732
0.295082 -2.65574 0.310931
0.491803 -2.65574 0.192302
0.688525 -2.65574 0.103814
0.885246 -2.65574 0.045244
1.08197 -2.65574 0.0144495
1.27869 -2.65574 0.00769711
1.47541 -2.65574 0.0200509
1.67213 -2.65574 0.0458212
1.86885 -2.65574 0.0790719
2.06557 -2.65574 0.114154
2.2623 -2.65574 0.146196
2.45902 -2.65574 0.171488
2.65574 -2.65574 0.187681
2.85246 -2.65574 0.193807
3.04918 -2.65574 0.190123
3.2459 -2.65574 0.177851
3.44262 -2.65574 0.158874
3.63934 -2.65574 0.135435
3.83607 -2.65574 0.10988
4.03279 -2.65574 0.084435
4.22951 -2.65574 0.0610192
4.42623 -2.65574 0.0410987
4.62295 -2.65574 0.0255811
4.81967 -2.65574 0.0147751
5.01639 -2.65574 0.00842635
5.21311 -2.65574 0.00582698
5.40984 -2.65574 0.00598084
5.60656 -2.65574 0.0077889
5.80328 -2.65574 0.0102185
-6 -2.45902 0.0463653
-5.80328 -2.45902 0.0372022
-5.60656 -2.45902 0.0250456
-5.40984 -2.45902 0.0128581
-5.21311 -2.45902 0.00447604
-5.01639 -2.45902 0.00424787
-4.81967 -2.45902 0.016735
-4.62295 -2.45902 0.0465113
-4.42623 -2.45902 0.098003
-4.22951 -2.45902 0.175249
-4.03279 -2.45902 0.281473
-3.83607 -2.45902 0.418443
-3.63934 -2.45902 0.585723
-3.44262 -2.45902 0.780041
-3.2459 -2.45902 0.995002
-3.04918 -2.45902 1.22133
-2.85246 -2.45902 1.44769
-2.65574 -2.45902 1.66183
-2.45902 -2.45902 1.85198
-2.2623 -2.45902 2.00793
-2.06557 -2.45902 2.12181
-1.86885 -2.45902 2.18837
-1.67213 -2.45902 2.20493
-1.47541 -2.45902 2.17115
-1.27869 -2.45902 2.08879
-1.08197 -2.45902 1.96168
-0.885246 -2.45902 1.79566
-0.688525 -2.45902 1.59861
-0.491803 -2.45902 1.3802
-0.295082 -2.45902 1.15137
-0.0983607 -2.45902 0.923517
0.0983607 -2.45902 0.703289
0.295082 -2.45902 0.509494
0.491803 -2.45902 0.344106
0.688525 -2.45902 0.211194
0.885246 -2.45902 0.112388
1.08197 -2.45902 0.0470356
1.27869 -2.45902 0.0124444
1.47541 -2.45902 0.00420168
1.67213 -2.45902 0.0166081
1.86885 -2.45902 0.0432244
2.06557 -2.45902 0.0774923
2.2623 -2.45902 0.113349
2.45902 -2.45902 0.145742
2.65574 -2.45902 0.170959
2.85246 -2.45902 0.186759
3.04918 -2.45902 0.1923
3.2459 -2.45902 0.187943
3.44262 -2.45902 0.174985
3.63934 -2.45902 0.155372
3.83607 -2.45902 0.13143
4.03279 -2.45902 0.105602
4.22951 -2.45902 0.0802085
4.42623 -2.45902 0.057221
4.62295 -2.45902 0.0380863
4.81967 -2.45902 0.0236142
5.01639 -2.45902 0.01396
5.21311 -2.45902 0.00870238
5.40984 -2.45902 0.00699646
5.60656 -2.45902 0.0077658
5.80328 -2.45902 0.00989159
-6 -2.2623 0.047529
-5.80328 -2.2623 0.040433
-5.60656 -2.2623 0.0296541
-5.40984 -2.2623 0.0177113
-5.21311 -2.2623 0.0080737
-5.01639 -2.2623 0.0049273
-4.81967 -2.2623 0.0130016
-4.62295 -2.2623 0.0374451
-4.42623 -2.2623 0.0836547
-4.22951 -2.2623 0.156928
-4.03279 -2.2623 0.261854
-3.83607 -2.2623 0.401468
-3.63934 -2.2623 0.57634
-3.44262 -2.2623 0.783852
-3.2459 -2.2623 1.01792
-3.04918 -2.2623 1.2693
-2.85246 -2.2623 1.52647
-2.65574 -2.2623 1.77681
-2.45902 -2.2623 2.00793
-2.2623 -2.2623 2.20863
-2.06557 -2.2623 2.36958
-1.86885 -2.2623 2.48348
-1.67213 -2.2623 2.54513
-1.47541 -2.2623 2.55132
-1.27869 -2.2623 2.50098
-1.08197 -2.2623 2.39546
-0.885246 -2.2623 2.23889
-0.688525 -2.2623 2.03834
-0.491803 -2.2623 1.80373
-0.295082 -2.2623 1.54716
-0.0983607 -2.2623 1.28196
0.0983607 -2.2623 1.01181
0.295082 -2.2623 0.770359
0.491803 -2.2623 0.555229
0.688525 -2.2623 0.372829
0.885246 -2.2623 0.227032
1.08197 -2.2623 0.119189
1.27869 -2.2623 0.0482104
1.47541 -2.2623 0.0107667
1.67213 -2.2623 0.0016551
1.86885 -2.2623 0.014352
2.06557 -2.2623 0.0417005
2.2623 -2.2623 0.0766376
2.45902 -2.2623 0.11284
2.65574 -2.2623 0.145196
2.85246 -2.2623 0.170049
3.04918 -2.2623 0.185246
3.2459 -2.2623 0.190022
3.44262 -2.2623 0.184803
3.63934 -2.2623 0.170961
3.83607 -2.2623 0.150555
4.03279 -2.2623 0.126055
4.22951 -2.2623 0.100046
4.42623 -2.2623 0.0749403
4.62295 -2.2623 0.0527143
4.81967 -2.2623 0.0347183
5.01639 -2.2623 0.0215931
5.21311 -2.2623 0.0133006
5.40984 -2.2623 0.00925062
5.60656 -2.2623 0.00848624
5.80328 -2.2623 0.00988184
-6 -2.06557 0.048333
-5.80328 -2.06557 0.0437514
-5.60656 -2.06557 0.034922
-5.40984 -2.06557 0.0237823
-5.21311 -2.06557 0.0132808
-5.01639 -2.06557 0.00728994
-4.81967 -2.06557 0.0105647
-4.62295 -2.06557 0.0286921
-4.42623 -2.06557 0.0679062
-4.22951 -2.06557 0.134639
-4.03279 -2.06557 0.23475
-3.83607 -2.06557 0.372526
-3.63934 -2.06557 0.54965
-3.44262 -2.06557 0.764438
-3.2459 -2.06557 1.01157
-3.04918 -2.06557 1.28245
-2.85246 -2.06557 1.56603
-2.65574 -2.06557 1.84999
-2.45902 -2.06557 2.12181
-2.2623 -2.06557 2.36958
-2.06557 -2.06557 2.58247
-1.86885 -2.06557 2.75092
-1.67213 -2.06557 2.86669
-1.47541 -2.06557 2.92316
-1.27869 -2.06557 2.91583
-1.08197 -2.06557 2.84306
-0.885246 -2.06557 2.70676
-0.688525 -2.06557 2.51284
-0.491803 -2.06557 2.27107
-0.295082 -2.06557 1.99443
-0.0983607 -2.06557 1.69782
0.0983607 -2.06557 1.3814
0.295082 -2.06557 1.09473
0.491803 -2.06557 0.829582
0.688525 -2.06557 0.59483
0.885246 -2.06557 0.396936
1.08197 -2.06557 0.239742
1.27869 -2.06557 0.124333
1.47541 -2.06557 0.0490551
1.67213 -2.06557 0.0097696
1.86885 -2.06557 0.00036865
2.06557 -2.06557 0.0135074
2.2623 -2.06557 0.0414254
2.45902 -2.06557 0.0767164
2.65574 -2.06557 0.112932
2.85246 -2.06557 0.144958
3.04918 -2.06557 0.169182
3.2459 -2.06557 0.183492
3.44262 -2.06557 0.187172
3.63934 -2.06557 0.180734
3.83607 -2.06557 0.165698
4.03279 -2.06557 0.144323
4.22951 -2.06557 0.119282
4.42623 -2.06557 0.0933029
4.62295 -2.06557 0.0688314
4.81967 -2.06557 0.047755
5.01639 -2.06557 0.0312435
5.21311 -2.06557 0.0197192
5.40984 -2.06557 0.0129435
5.60656 -2.06557 0.0101809
5.80328 -2.06557 0.0103923
-6 -1.86885 0.0488056
-5.80328 -1.86885 0.0471071
-5.60656 -1.86885 0.0407676
-5.40984 -1.86885 0.0310398
-5.21311 -1.86885 0.0202252
-5.01639 -1.86885 0.0117385
-4.81967 -1.86885 0.0101973
-4.62295 -1.86885 0.0214416
-4.42623 -1.86885 0.0523382
-4.22951 -1.86885 0.110248
-4.03279 -1.86885 0.202143
-3.83607 -1.86885 0.333494
-3.63934 -1.86885 0.507188
-3.44262 -1.86885 0.722755
-3.2459 -1.86885 0.976121
-3.04918 -1.86885 1.25993
-2.85246 -1.86885 1.56432
-2.65574 -1.86885 1.87786
-2.45902 -1.86885 2.18837
-2.2623 -1.86885 2.48348
-2.06557 -1.86885 2.75092
-1.86885 -1.86885 2.97863
-1.67213 -1.86885 3.15509
-1.47541 -1.86885 3.26991
-1.27869 -1.86885 3.31483
-1.08197 -1.86885 3.28492
-0.885246 -1.86885 3.17958
-0.688525 -1.86885 3.00323
-0.491803 -1.86885 2.76516
-0.295082 -1.86885 2.4787
-0.0983607 -1.86885 2.15982
0.0983607 -1.86885 1.80669
0.295082 -1.86885 1.48038
0.491803 -1.86885 1.16782
0.688525 -1.86885 0.880386
0.885246 -1.86885 0.627407
1.08197 -1.86885 0.415642
1.27869 -1.86885 0.248886
1.47541 -1.86885 0.127739
1.67213 -1.86885 0.049701
1.86885 -1.86885 0.00962566
2.06557 -1.86885 0.000464401
2.2623 -1.86885 0.014161
2.45902 -1.86885 0.0425261
2.65574 -1.86885 0.0779579
2.85246 -1.86885 0.113946
3.04918 -1.86885 0.145362
3.2459 -1.86885 0.168592
3.44262 -1.86885 0.181548
3.63934 -1.86885 0.183613
3.83607 -1.86885 0.17549
4.03279 -1.86885 0.158962
4.22951 -1.86885 0.136564
4.42623 -1.86885 0.111168
4.62295 -1.86885 0.0855769
4.81967 -1.86885 0.0621621
5.01639 -1.86885 0.0426237
5.21311 -1.86885 0.0278916
5.40984 -1.86885 0.0181593
5.60656 -1.86885 0.0130107
5.80328 -1.86885 0.0115935
-6 -1.67213 0.048981
-5.80328 -1.67213 0.0504133
-5.60656 -1.67213 0.0470231
-5.40984 -1.67213 0.0393186
-5.21311 -1.67213 0.0288627
-5.01639 -1.67213 0.018484
-4.81967 -1.67213 0.0124903
-4.62295 -1.67213 0.0167541
-4.42623 -1.67213 0.038516
-4.22951 -1.67213 0.0858023
-4.03279 -1.67213 0.166476
-3.83607 -1.67213 0.287086
-3.63934 -1.67213 0.451778
-3.44262 -1.67213 0.661547
-3.2459 -1.67213 0.913989
-3.04918 -1.67213 1.20356
-2.85246 -1.67213 1.52214
-2.65574 -1.67213 1.85974
-2.45902 -1.67213 2.20493
-2.2623 -1.67213 2.54513
-2.06557 -1.67213 2.86669
-1.86885 -1.67213 3.15509
-1.67213 -1.67213 3.39546
-1.47541 -1.67213 3.57363
-1.27869 -1.67213 3.67757
-1.08197 -1.67213 3.69901
-0.885246 -1.67213 3.63477
-0.688525 -1.67213 3.4875
-0.491803 -1.67213 3.26553
-0.295082 -1.67213 2.98196
-0.0983607 -1.67213 2.65302
0.0983607 -1.67213 2.27861
0.295082 -1.67213 1.92106
0.491803 -1.67213 1.56649
0.688525 -1.67213 1.22874
0.885246 -1.67213 0.92018
1.08197 -1.67213 0.65081
1.27869 -1.67213 0.427569
1.47541 -1.67213 0.253808
1.67213 -1.67213 0.129199
1.86885 -1.67213 0.0500956
2.06557 -1.67213 0.0102703
2.2623 -1.67213 0.00185063
2.45902 -1.67213 0.016268
2.65574 -1.67213 0.0450691
2.85246 -1.67213 0.080525
3.04918 -1.67213 0.116045
3.2459 -1.67213 0.146445
3.44262 -1.67213 0.168105
3.63934 -1.67213 0.179047
3.83607 -1.67213 0.17889
4.03279 -1.67213 0.168672
4.22951 -1.67213 0.150534
4.42623 -1.67213 0.127282
4.62295 -1.67213 0.101908
4.81967 -1.67213 0.0771645
5.01639 -1.67213 0.0552345
5.21311 -1.67213 0.037565
5.40984 -1.67213 0.0248351
5.60656 -1.67213 0.0170329
5.80328 -1.67213 0.0135932
-6 -1.47541 0.0488723
-5.80328 -1.47541 0.0535286
-5.60656 -1.47541 0.0534223
-5.40984 -1.47541 0.0483052
-5.21311 -1.47541 0.0389505
-5.01639 -1.47541 0.0274977
-4.81967 -1.47541 0.0177755
-4.62295 -1.47541 0.0154509
-4.42623 -1.47541 0.0278475
-4.22951 -1.47541 0.0633512
-4.03279 -1.47541 0.130455
-3.83607 -1.47541 0.23663
-3.63934 -1.47541 0.387282
-3.44262 -1.47541 0.585045
-3.2459 -1.47541 0.829514
-3.04918 -1.47541 1.11738
-2.85246 -1.47541 1.44274
-2.65574 -1.47541 1.79744
-2.45902 -1.47541 2.17115
-2.2623 -1.47541 2.55132
-2.06557 -1.47541 2.92316
-1.86885 -1.47541 3.26991
-1.67213 -1.47541 3.57363
-1.47541 -1.47541 3.81669
-1.27869 -1.47541 3.98359
-1.08197 -1.47541 4.06295
-0.885246 -1.47541 4.04905
-0.688525 -1.47541 3.94255
-0.491803 -1.47541 3.75029
-0.295082 -1.47541 3.4843
-0.0983607 -1.47541 3.16012
0.0983607 -1.47541 2.78406
0.295082 -1.47541 2.40593
0.491803 -1.47541 2.01729
0.688525 -1.47541 1.63433
0.885246 -1.47541 1.27248
1.08197 -1.47541 0.945162
1.27869 -1.47541 0.662726
1.47541 -1.47541 0.431623
1.67213 -1.47541 0.254121
1.86885 -1.47541 0.12856
2.06557 -1.47541 0.05006
2.2623 -1.47541 0.0114641
2.45902 -1.47541 0.0043176
2.65574 -1.47541 0.019729
2.85246 -1.47541 0.0490508
3.04918 -1.47541 0.0843989
3.2459 -1.47541 0.119057
3.44262 -1.47541 0.147799
3.63934 -1.47541 0.167118
3.83607 -1.47541 0.17532
4.03279 -1.47541 0.172441
4.22951 -1.47541 0.159967
4.42623 -1.47541 0.140388
4.62295 -1.47541 0.116684
4.81967 -1.47541 0.091828
5.01639 -1.47541 0.068393
5.21311 -1.47541 0.0483064
5.40984 -1.47541 0.0327526
5.60656 -1.47541 0.0221868
5.80328 -1.47541 0.0164208
-6 -1.27869 0.0484557
-5.80328 -1.27869 0.056255
-5.60656 -1.27869 0.0596084
-5.40984 -1.27869 0.0575475
-5.21311 -1.27869 0.0500492
-5.01639 -1.27869 0.0384931
-4.81967 -1.27869 0.0260773
-4.62295 -1.27869 0.0180274
-4.42623 -1.27869 0.0214486
-4.22951 -1.27869 0.0447614
-4.03279 -1.27869 0.0967962
-3.83607 -1.27869 0.185742
-3.63934 -1.27869 0.318192
-3.44262 -1.27869 0.498488
-3.2459 -1.27869 0.728412
-3.04918 -1.27869 1.00715
-2.85246 -1.27869 1.3313
-2.65574 -1.27869 1.69484
-2.45902 -1.27869 2.08879
-2.2623 -1.27869 2.50098
-2.06557 -1.27869 2.91583
-1.86885 -1.27869 3.31483
-1.67213 -1.27869 3.67757
-1.47541 -1.27869 3.98359
-1.27869 -1.27869 4.21453
-1.08197 -1.27869 4.35634
-0.885246 -1.27869 4.40086
-0.688525 -1.27869 4.34651
-0.491803 -1.27869 4.19805
-0.295082 -1.27869 3.96547
-0.0983607 -1.27869 3.66251
0.0983607 -1.27869 3.30577
0.295082 -1.27869 2.91928
0.491803 -1.27869 2.50669
0.688525 -1.27869 2.08633
0.885246 -1.27869 1.67651
1.08197 -1.27869 1.29404
1.27869 -1.27869 0.952727
1.47541 -1.27869 0.66225
1.67213 -1.27869 0.427742
1.86885 -1.27869 0.249923
2.06557 -1.27869 0.125754
2.2623 -1.27869 0.0493502
2.45902 -1.27869 0.012933
2.65574 -1.27869 0.00768342
2.85246 -1.27869 0.0244485
3.04918 -1.27869 0.0543373
3.2459 -1.27869 0.0892547
3.44262 -1.27869 0.12239
3.63934 -1.27869 0.148626
3.83607 -1.27869 0.164791
4.03279 -1.27869 0.169695
4.22951 -1.27869 0.163913
4.42623 -1.27869 0.149364
4.62295 -1.27869 0.128777
4.81967 -1.27869 0.105148
5.01639 -1.27869 0.0812938
5.21311 -1.27869 0.0595403
5.40984 -1.27869 0.0415568
5.60656 -1.27869 0.028299
5.80328 -1.27869 0.0200278
-6 -1.08197 0.0476719
-5.80328 -1.08197 0.0583554
-5.60656 -1.08197 0.0651648
-5.40984 -1.08197 0.0664925
-5.21311 -1.08197 0.0615568
-5.01639 -1.08197 0.0509452
-4.81967 -1.08197 0.0371037
-4.62295 -1.08197 0.0246016
-4.42623 -1.08197 0.0200363
-4.22951 -1.08197 0.0315375
-4.03279 -1.08197 0.0679616
-3.83607 -1.08197 0.137966
-3.63934 -1.08197 0.249175
-3.44262 -1.08197 0.407577
-3.2459 -1.08197 0.617161
-3.04918 -1.08197 0.879684
-2.85246 -1.08197 1.19438
-2.65574 -1.08197 1.55749
-2.45902 -1.08197 1.96168
-2.2623 -1.08197 2.39546
-2.06557 -1.08197 2.84306
-1.86885 -1.08197 3.28492
-1.67213 -1.08197 3.69901
-1.47541 -1.08197 4.06295
-1.27869 -1.08197 4.35634
-1.08197 -1.08197 4.56298
-0.885246 -1.08197 4.67243
-0.688525 -1.08197 4.68061
-0.491803 -1.08197 4.5895
-0.295082 -1.08197 4.40607
-0.0983607 -1.08197 4.14109
0.0983607 -1.08197 3.82252
0.295082 -1.08197 3.44082
0.491803 -1.08197 3.01627
0.688525 -1.08197 2.5689
0.885246 -1.08197 2.11962
1.08197 -1.08197 1.68827
1.27869 -1.08197 1.29184
1.47541 -1.08197 0.943186
1.67213 -1.08197 0.650356
1.86885 -1.08197 0.416721
2.06557 -1.08197 0.241521
2.2623 -1.08197 0.120699
2.45902 -1.08197 0.0477581
2.65574 -1.08197 0.0145365
2.85246 -1.08197 0.0118828
3.04918 -1.08197 0.0302924
3.2459 -1.08197 0.0605537
3.44262 -1.08197 0.0944049
3.63934 -1.08197 0.125131
3.83607 -1.08197 0.147998
4.03279 -1.08197 0.160422
4.22951 -1.08197 0.161847
4.42623 -1.08197 0.15337
4.62295 -1.08197 0.137212
4.81967 -1.08197 0.116163
5.01639 -1.08197 0.0930958
5.21311 -1.08197 0.0706096
5.40984 -1.08197 0.0507958
5.60656 -1.08197 0.0351075
5.80328 -1.08197 0.0243017
-6 -0.885246 0.0464461
-5.80328 -0.885246 0.0595905
-5.60656 -0.885246 0.0696675
-5.40984 -0.885246 0.0745485
-5.21311 -0.885246 0.0727725
-5.01639 -0.885246 0.0641449
-4.81967 -0.885246 0.050278
-4.62295 -0.885246 0.0349079
-4.42623 -0.885246 0.0238662
-4.22951 -0.885246 0.0246847
-4.03279 -0.885246 0.0459307
-3.83607 -0.885246 0.096442
-3.63934 -0.885246 0.18463
-3.44262 -0.885246 0.317942
-3.2459 -0.885246 0.502432
-3.04918 -0.885246 0.742333
-2.85246 -0.885246 1.03946
-2.65574 -0.885246 1.39241
-2.45902 -0.885246 1.79566
-2.2623 -0.885246 2.23889
-2.06557 -0.885246 2.70676
-1.86885 -0.885246 3.17958
-1.67213 -0.885246 3.63477
-1.47541 -0.885246 4.04905
-1.27869 -0.885246 4.40086
-1.08197 -0.885246 4.67243
-0.885246 -0.885246 4.8512
-0.688525 -0.885246 4.93033
-0.491803 -0.885246 4.9083
-0.295082 -0.885246 4.78818
-0.0983607 -0.885246 4.57671
0.0983607 -0.885246 4.31027
0.295082 -0.885246 3.94685
0.491803 -0.885246 3.52378
0.688525 -0.885246 3.06227
0.885246 -0.885246 2.58516
1.08197 -0.885246 2.11473
1.27869 -0.885246 1.67062
1.47541 -0.885246 1.26847
1.67213 -0.885246 0.91915
1.86885 -0.885246 0.628814
2.06557 -0.885246 0.399348
2.2623 -0.885246 0.229051
2.45902 -0.885246 0.113325
2.65574 -0.885246 0.0452888
2.85246 -0.885246 0.0163639
3.04918 -0.885246 0.0169067
3.2459 -0.885246 0.0369488
3.44262 -0.885246 0.0670145
3.63934 -0.885246 0.0989109
3.83607 -0.885246 0.126346
4.03279 -0.885246 0.145253
4.22951 -0.885246 0.153778
4.42623 -0.885246 0.151967
4.62295 -0.885246 0.141283
4.81967 -0.885246 0.12406
5.01639 -0.885246 0.103013
5.21311 -0.885246 0.0808453
5.40984 -0.885246 0.0599686
5.60656 -0.885246 0.0422929
5.80328 -0.885246 0.0290856
-6 -0.688525 0.0447182
-5.80328 -0.688525 0.0597648
-5.60656 -0.688525 0.0727456
-5.40984 -0.688525 0.0811583
-5.21311 -0.688525 0.0829771
-5.01639 -0.688525 0.077277
-4.81967 -0.688525 0.0648034
-4.62295 -0.688525 0.0483323
-4.42623 -0.688525 0.0327195
-4.22951 -0.688525 0.0246285
-4.03279 -0.688525 0.0320335
-3.83607 -0.688525 0.0636378
-3.63934 -0.688525 0.12833
-3.44262 -0.688525 0.234709
-3.2459 -0.688525 0.390611
-3.04918 -0.688525 0.602491
-2.85246 -0.688525 0.874574
-2.65574 -0.688525 1.20778
-2.45902 -0.688525 1.59861
-2.2623 -0.688525 2.03834
-2.06557 -0.688525 2.51284
-1.86885 -0.688525 3.00323
-1.67213 -0.688525 3.4875
-1.47541 -0.688525 3.94255
-1.27869 -0.688525 4.34651
-1.08197 -0.688525 4.68061
-0.885246 -0.688525 4.93033
-0.688525 -0.688525 5.08576
-0.491803 -0.688525 5.1414
-0.295082 -0.688525 5.09565
-0.0983607 -0.688525 4.95051
0.0983607 -0.688525 4.74383
0.295082 -0.688525 4.41211
0.491803 -0.688525 4.00511
0.688525 -0.688525 3.54442
0.885246 -0.688525 3.05396
1.08197 -0.688525 2.55751
1.27869 -0.688525 2.0766
1.47541 -0.688525 1.62904
1.67213 -0.688525 1.22826
1.86885 -0.688525 0.883207
2.06557 -0.688525 0.598686
2.2623 -0.688525 0.375838
2.45902 -0.688525 0.21255
2.65574 -0.688525 0.103839
2.85246 -0.688525 0.0422905
3.04918 -0.688525 0.0186433
3.2459 -0.688525 0.0226045
3.44262 -0.688525 0.0438145
3.63934 -0.688525 0.0728233
3.83607 -0.688525 0.101891
4.03279 -0.688525 0.125467
4.22951 -0.688525 0.140296
4.42623 -0.688525 0.145198
4.62295 -0.688525 0.140646
4.81967 -0.688525 0.12827
5.01639 -0.688525 0.110392
5.21311 -0.688525 0.0896284
5.40984 -0.688525 0.06857
5.60656 -0.688525 0.0495059
5.80328 -0.688525 0.0341928
-6 -0.491803 0.0424731
-5.80328 -0.491803 0.0587677
-5.60656 -0.491803 0.0741371
-5.40984 -0.491803 0.0858682
-5.21311 -0.491803 0.0915133
-5.01639 -0.491803 0.0895078
-4.81967 -0.491803 0.0797469
-4.62295 -0.491803 0.0639796
-4.42623 -0.491803 0.0459367
-4.22951 -0.491803 0.0311946
-4.03279 -0.491803 0.0268593
-3.83607 -0.491803 0.0411796
-3.63934 -0.491803 0.0831616
-3.44262 -0.491803 0.162171
-3.2459 -0.491803 0.287422
-3.04918 -0.491803 0.467226
-2.85246 -0.491803 0.707943
-2.65574 -0.491803 1.01271
-2.45902 -0.491803 1.3802
-2.2623 -0.491803 1.80373
-2.06557 -0.491803 2.27107
-1.86885 -0.491803 2.76516
-1.67213 -0.491803 3.26553
-1.47541 -0.491803 3.75029
-1.27869 -0.491803 4.19805
-1.08197 -0.491803 4.5895
-0.885246 -0.491803 4.9083
-0.688525 -0.491803 5.1414
-0.491803 -0.491803 5.27897
-0.295082 -0.491803 5.31438
-0.0983607 -0.491803 5.24445
0.0983607 -0.491803 5.09941
0.295082 -0.491803 4.81232
0.491803 -0.491803 4.43653
0.688525 -0.491803 3.99312
0.885246 -0.491803 3.50595
1.08197 -0.491803 2.99915
1.27869 -0.491803 2.49515
1.47541 -0.491803 2.01323
1.67213 -0.491803 1.56894
1.86885 -0.491803 1.17393
2.06557 -0.491803 0.836153
2.2623 -0.491803 0.559963
2.45902 -0.491803 0.346246
2.65574 -0.491803 0.192476
2.85246 -0.491803 0.0929558
3.04918 -0.491803 0.0393345
3.2459 -0.491803 0.0214662
3.44262 -0.491803 0.0285103
3.63934 -0.491803 0.0500748
3.83607 -0.491803 0.0771831
4.03279 -0.491803 0.102897
4.22951 -0.491803 0.122543
4.42623 -0.491803 0.133598
4.62295 -0.491803 0.135354
4.81967 -0.491803 0.128512
5.01639 -0.491803 0.114765
5.21311 -0.491803 0.0964345
5.40984 -0.491803 0.0761234
5.60656 -0.491803 0.0563873
5.80328 -0.491803 0.0394141
-6 -0.295082 0.0397577
-5.80328 -0.295082 0.0565978
-5.60656 -0.295082 0.0737229
-5.40984 -0.295082 0.0883771
-5.21311 -0.295082 0.09785
-5.01639 -0.295082 0.100062
-4.81967 -0.295082 0.0941255
-4.62295 -0.295082 0.0807576
-4.42623 -0.295082 0.0624846
-4.22951 -0.295082 0.0436413
-4.03279 -0.295082 0.0302371
-3.83607 -0.295082 0.0297634
-3.63934 -0.295082 0.0509692
-3.44262 -0.295082 0.103549
-3.2459 -0.295082 0.197624
-3.04918 -0.295082 0.342914
-2.85246 -0.295082 0.54756
-2.65574 -0.295082 0.816744
-2.45902 -0.295082 1.15137
-2.2623 -0.295082 1.54716
-2.06557 -0.295082 1.99443
-1.86885 -0.295082 2.4787
-1.67213 -0.295082 2.98196
-1.47541 -0.295082 3.4843
-1.27869 -0.295082 3.96547
-1.08197 -0.295082 4.40607
-0.885246 -0.295082 4.78818
-0.688525 -0.295082 5.09565
-0.491803 -0.295082 5.31438
-0.295082 -0.295082 5.43269
-0.0983607 -0.295082 5.4423
0.0983607 -0.295082 5.35711
0.295082 -0.295082 5.1266
0.491803 -0.295082 4.79705
0.688525 -0.295082 4.38791
0.885246 -0.295082 3.92173
1.08197 -0.295082 3.42178
1.27869 -0.295082 2.91026
1.47541 -0.295082 2.40717
1.67213 -0.295082 1.92967
1.86885 -0.295082 1.492
2.06557 -0.295082 1.10531
2.2623 -0.295082 0.777466
2.45902 -0.295082 0.512712
2.65574 -0.295082 0.31142
2.85246 -0.295082 0.170077
3.04918 -0.295082 0.0817216
3.2459 -0.295082 0.036834
3.44262 -0.295082 0.0245428
3.63934 -0.295082 0.0339091
3.83607 -0.295082 0.0550264
4.03279 -0.295082 0.0797641
4.22951 -0.295082 0.102104
4.42623 -0.295082 0.118136
4.62295 -0.295082 0.125845
4.81967 -0.295082 0.124807
5.01639 -0.295082 0.115873
5.21311 -0.295082 0.100859
5.40984 -0.295082 0.0822009
5.60656 -0.295082 0.0625787
5.80328 -0.295082 0.0445184
-6 -0.0983607 0.0366784
-5.80328 -0.0983607 0.0533623
-5.60656 -0.0983607 0.0715342
-5.40984 -0.0983607 0.0885555
-5.21311 -0.0983607 0.10162
-5.01639 -0.0983607 0.108282
-4.81967 -0.0983607 0.106983
-4.62295 -0.0983607 0.0974654
-4.42623 -0.0983607 0.0810451
-4.22951 -0.0983607 0.060733
-4.03279 -0.0983607 0.0412752
-3.83607 -0.0983607 0.0291445
-3.63934 -0.0983607 0.0324724
-3.44262 -0.0983607 0.0608344
-3.2459 -0.0983607 0.124762
-3.04918 -0.0983607 0.234883
-2.85246 -0.0983607 0.400708
-2.65574 -0.0983607 0.629214
-2.45902 -0.0983607 0.923517
-2.2623 -0.0983607 1.28196
-2.06557 -0.0983607 1.69782
-1.86885 -0.0983607 2.15982
-1.67213 -0.0983607 2.65302
-1.47541 -0.0983607 3.16012
-1.27869 -0.0983607 3.66251
-1.08197 -0.0983607 4.14109
-0.885246 -0.0983607 4.57671
-0.688525 -0.0983607 4.95051
-0.491803 -0.0983607 5.24445
-0.295082 -0.0983607 5.4423
-0.0983607 -0.0983607 5.53115
0.0983607 -0.0983607 5.50314
0.295082 -0.0983607 5.33954
0.491803 -0.0983607 5.07008
0.688525 -0.0983607 4.71149
0.885246 -0.0983607 4.28371
1.08197 -0.0983607 3.80793
1.27869 -0.0983607 3.30511
1.47541 -0.0983607 2.79515
1.67213 -0.0983607 2.29642
1.86885 -0.0983607 1.82547
2.06557 -0.0983607 1.39665
2.2623 -0.0983607 1.02139
2.45902 -0.0983607 0.707508
2.65574 -0.0983607 0.458523
2.85246 -0.0983607 0.273434
3.04918 -0.0983607 0.147063
3.2459 -0.0983607 0.0709634
3.44262 -0.0983607 0.0347088
3.63934 -0.0983607 0.0272679
3.83607 -0.0983607 0.0381948
4.03279 -0.0983607 0.0584537
4.22951 -0.0983607 0.0808459
4.42623 -0.0983607 0.100118
4.62295 -0.0983607 0.112881
4.81967 -0.0983607 0.117452
5.01639 -0.0983607 0.113663
5.21311 -0.0983607 0.102631
5.40984 -0.0983607 0.0864389
5.60656 -0.0983607 0.0677334
5.80328 -0.0983607 0.0492545
-6 0.0983607 0.033382
-5.80328 0.0983607 0.0492545
-5.60656 0.0983607 0.0677334
-5.40984 0.0983607 0.0864389
-5.21311 0.0983607 0.102631
-5.01639 0.0983607 0.113663
-4.81967 0.0983607 0.117452
-4.62295 0.0983607 0.112881
-4.42623 0.0983607 0.100118
-4.22951 0.0983607 0.0808459
-4.03279 0.0983607 0.0584537
-3.83607 0.0983607 0.0381948
-3.63934 0.0983607 0.0272679
-3.44262 0.0983607 0.0347088
-3.2459 0.0983607 0.0709634
-3.04918 0.0983607 0.147063
-2.85246 0.0983607 0.273434
-2.65574 0.0983607 0.458523
-2.45902 0.0983607 0.707508
-2.2623 0.0983607 1.02139
-2.06557 0.0983607 1.39665
-1.86885 0.0983607 1.82547
-1.67213 0.0983607 2.29642
-1.47541 0.0983607 2.79515
-1.27869 0.0983607 3.30511
-1.08197 0.0983607 3.80793
-0.885246 0.0983607 4.28371
-0.688525 0.0983607 4.71149
-0.491803 0.0983607 5.07008
-0.295082 0.0983607 5.33954
-0.0983607 0.0983607 5.50314
0.0983607 0.0983607 5.53115
0.295082 0.0983607 5.4423
0.491803 0.0983607 5.24445
0.688525 0.0983607 4.95051
0.885246 0.0983607 4.57671
1.08197 0.0983607 4.14109
1.27869 0.0983607 3.66251
1.47541 0.0983607 3.16012
1.67213 0.0983607 2.65302
1.86885 0.0983607 2.15982
2.06557 0.0983607 1.69782
2.2623 0.0983607 1.28196
2.45902 0.0983607 0.923517
2.65574 0.0983607 0.629214
2.85246 0.0983607 0.400708
3.04918 0.0983607 0.234883
3.2459 0.0983607 0.124762
3.44262 0.0983607 0.0608344
3.63934 0.0983607 0.0324724
3.83607 0.0983607 0.0291445
4.03279 0.0983607 0.0412752
4.22951 0.0983607 0.060733
4.42623 0.0983607 0.0810451
4.62295 0.0983607 0.0974654
4.81967 0.0983607 0.106983
5.01639 0.0983607 0.108282
5.21311 0.0983607 0.10162
5.40984 0.0983607 0.0885555
5.60656 0.0983607 0.0715342
5.80328 0.0983607 0.0533623
-6 0.295082 0.0300264
-5.80328 0.295082 0.0445184
-5.60656 0.295082 0.0625787
-5.40984 0.295082 0.0822009
-5.21311 0.295082 0.100859
-5.01639 0.295082 0.115873
-4.81967 0.295082 0.124807
-4.62295 0.295082 0.125845
-4.42623 0.295082 0.118136
-4.22951 0.295082 0.102104
-4.03279 0.295082 0.0797641
-3.83607 0.295082 0.0550264
-3.63934 0.295082 0.0339091
-3.44262 0.295082 0.0245428
-3.2459 0.295082 0.036834
-3.04918 0.295082 0.0817216
-2.85246 0.295082 0.170077
-2.65574 0.295082 0.31142
-2.45902 0.295082 0.512712
-2.2623 0.295082 0.777466
-2.06557 0.295082 1.10531
-1.86885 0.295082 1.492
-1.67213 0.295082 1.92967
-1.47541 0.295082 2.40717
-1.27869 0.295082 2.91026
-1.08197 0.295082 3.42178
-0.885246 0.295082 3.92173
-0.688525 0.295082 4.38791
-0.491803 0.295082 4.79705
-0.295082 0.295082 5.1266
-0.0983607 0.295082 5.35711
0.0983607 0.295082 5.4423
0.295082 0.295082 5.43269
0.491803 0.295082 5.31438
0.688525 0.295082 5.09565
0.885246 0.295082 4.78818
1.08197 0.295082 4.40607
1.27869 0.295082 3.96547
1.47541 0.295082 3.4843
1.67213 0.295082 2.98196
1.86885 0.295082 2.4787
2.06557 0.295082 1.99443
2.2623 0.295082 1.54716
2.45902 0.295082 1.15137
2.65574 0.295082 0.816744
2.85246 0.295082 0.54756
3.04918 0.295082 0.342914
3.2459 0.295082 0.197624
3.44262 0.295082 0.103549
3.63934 0.295082 0.0509692
3.83607 0.295082 0.0297634
4.03279 0.295082 0.0302371
4.22951 0.295082 0.0436413
4.42623 0.295082 0.0624846
4.62295 0.295082 0.0807576
4.81967 0.295082 0.0941255
5.01639 0.295082 0.100062
5.21311 0.295082 0.09785
5.40984 0.295082 0.0883771
5.60656 0.295082 0.0737229
5.80328 0.295082 0.0565978
-6 0.491803 0.0267551
-5.80328 0.491803 0.0394141
-5.60656 0.491803 0.0563873
-5.40984 0.491803 0.0761234
-5.21311 0.491803 0.0964345
-5.01639 0.491803 0.114765
-4.81967 0.491803 0.128512
-4.62295 0.491803 0.135354
-4.42623 0.491803 0.133598
-4.22951 0.491803 0.122543
-4.03279 0.491803 0.102897
-3.83607 0.491803 0.0771831
-3.63934 0.491803 0.0500748
-3.44262 0.491803 0.0285103
-3.2459 0.491803 0.0214662
-3.04918 0.491803 0.0393345
-2.85246 0.491803 0.0929558
-2.65574 0.491803 0.192476
-2.45902 0.491803 0.346246
-2.2623 0.491803 0.559963
-2.06557 0.491803 0.836153
-1.86885 0.491803 1.17393
-1.67213 0.491803 1.56894
-1.47541 0.491803 2.01323
-1.27869 0.491803 2.49515
-1.08197 0.491803 2.99915
-0.885246 0.491803 3.50595
-0.688525 0.491803 3.99312
-0.491803 0.491803 4.43653
-0.295082 0.491803 4.81232
-0.0983607 0.491803 5.09941
0.0983607 0.491803 5.24445
0.295082 0.491803 5.31438
0.491803 0.491803 5.27897
0.688525 0.491803 5.1414
0.885246 0.491803 4.9083
1.08197 0.491803 4.5895
1.27869 0.491803 4.19805
1.47541 0.491803 3.75029
1.67213 0.491803 3.26553
1.86885 0.491803 2.76516
2.06557 0.491803 2.27107
2.2623 0.491803 1.80373
2.45902 0.491803 1.3802
2.65574 0.491803 1.01271
2.85246 0.491803 0.707943
3.04918 0.491803 0.467226
3.2459 0.491803 0.287422
3.44262 0.491803 0.162171
3.63934 0.491803 0.0831616
3.83607 0.491803 0.0411796
4.03279 0.491803 0.0268593
4.22951 0.491803 0.0311946
4.42623 0.491803 0.0459367
4.62295 0.491803 0.0639796
4.81967 0.491803 0.0797469
5.01639 0.491803 0.0895078
5.21311 0.491803 0.0915133
5.40984 0.491803 0.0858682
5.60656 0.491803 0.0741371
5.80328 0.491803 0.0587677
-6 0.688525 0.0236819
-5.80328 0.688525 0.0341928
-5.60656 0.688525 0.0495059
-5.40984 0.688525 0.06857
-5.21311 0.688525 0.0896284
-5.01639 0.688525 0.110392
-4.81967 0.688525 0.12827
-4.62295 0.688525 0.140646
-4.42623 0.688525 0.145198
-4.22951 0.688525 0.140296
-4.03279 0.688525 0.125467
-3.83607 0.688525 0.101891
-3.63934 0.688525 0.0728233
-3.44262 0.688525 0.0438145
-3.2459 0.688525 0.0226045
-3.04918 0.688525 0.0186433
-2.85246 0.688525 0.0422905
-2.65574 0.688525 0.103839
-2.45902 0.688525 0.21255
-2.2623 0.688525 0.375838
-2.06557 0.688525 0.598686
-1.86885 0.688525 0.883207
-1.67213 0.688525 1.22826
-1.47541 0.688525 1.62904
-1.27869 0.688525 2.0766
-1.08197 0.688525 2.55751
-0.885246 0.688525 3.05396
-0.688525 0.688525 3.54442
-0.491803 0.688525 4.00511
-0.295082 0.688525 4.41211
-0.0983607 0.688525 4.74383
0.0983607 0.688525 4.95051
0.295082 0.688525 5.09565
0.491803 0.688525 5.1414
0.688525 0.688525 5.08576
0.885246 0.688525 4.93033
1.08197 0.688525 4.68061
1.27869 0.688525 4.34651
1.47541 0.688525 3.94255
1.67213 0.688525 3.4875
1.86885 0.688525 3.00323
2.06557 0.688525 2.51284
2.2623 0.688525 2.03834
2.45902 0.688525 1.59861
2.65574 0.688525 1.20778
2.85246 0.688525 0.874574
3.04918 0.688525 0.602491
3.2459 0.688525 0.390611
3.44262 0.688525 0.234709
3.63934 0.688525 0.12833
3.83607 0.688525 0.0636378
4.03279 0.688525 0.0320335
4.22951 0.688525 0.0246285
4.42623 0.688525 0.0327195
4.62295 0.688525 0.0483323
4.81967 0.688525 0.0648034
5.01639 0.688525 0.077277
5.21311 0.688525 0.0829771
5.40984 0.688525 0.0811583
5.60656 0.688525 0.0727456
5.80328 0.688525 0.0597648
-6 0.885246 0.0208903
-5.80328 0.885246 0.0290856
-5.60656 0.885246 0.0422929
-5.40984 0.885246 0.0599686
-5.21311 0.885246 0.0808453
-5.01639 0.885246 0.103013
-4.81967 0.885246 0.12406
-4.62295 0.885246 0.141283
-4.42623 0.885246 0.151967
-4.22951 0.885246 0.153778
-4.03279 0.885246 0.145253
-3.83607 0.885246 0.126346
-3.63934 0.885246 0.0989109
-3.44262 0.885246 0.0670145
-3.2459 0.885246 0.0369488
-3.04918 0.885246 0.0169067
-2.85246 0.885246 0.0163639
-2.65574 0.885246 0.0452888
-2.45902 0.885246 0.113325
-2.2623 0.885246 0.229051
-2.06557 0.885246 0.399348
-1.86885 0.885246 0.628814
-1.67213 0.885246 0.91915
-1.47541 0.885246 1.26847
-1.27869 0.885246 1.67062
-1.08197 0.885246 2.11473
-0.885246 0.885246 2.58516
-0.688525 0.885246 3.06227
-0.491803 0.885246 3.52378
-0.295082 0.885246 3.94685
-0.0983607 0.885246 4.31027
0.0983607 0.885246 4.57671
0.295082 0.885246 4.78818
0.491803 0.885246 4.9083
0.688525 0.885246 4.93033
0.885246 0.885246 4.8512
1.08197 0.885246 4.67243
1.27869 0.885246 4.40086
1.47541 0.885246 4.04905
1.67213 0.885246 3.63477
1.86885 0.885246 3.17958
2.06557 0.885246 2.70676
2.2623 0.885246 2.23889
2.45902 0.885246 1.79566
2.65574 0.885246 1.39241
2.85246 0.885246 1.03946
3.04918 0.885246 0.742333
3.2459 0.885246 0.502432
3.44262 0.885246 0.317942
3.63934 0.885246 0.18463
3.83607 0.885246 0.096442
4.03279 0.885246 0.0459307
4.22951 0.885246 0.0246847
4.42623 0.885246 0.0238662
4.62295 0.885246 0.0349079
4.81967 0.885246 0.050278
5.01639 0.885246 0.0641449
5.21311 0.885246 0.0727725
5.40984 0.885246 0.0745485
5.60656 0.885246 0.0696675
5.80328 0.885246 0.0595905
-6 1.08197 0.0184411
-5.80328 1.08197 0.0243017
-5.60656 1.08197 0.0351075
-5.40984 1.08197 0.0507958
-5.21311 1.08197 0.0706096
-5.01639 1.08197 0.0930958
-4.81967 1.08197 0.116163
-4.62295 1.08197 0.137212
-4.42623 1.08197 0.15337
-4.22951 1.08197 0.161847
-4.03279 1.08197 0.160422
-3.83607 1.08197 0.147998
-3.63934 1.08197 0.125131
-3.44262 1.08197 0.0944049
-3.2459 1.08197 0.0605537
-3.04918 1.08197 0.0302924
-2.85246 1.08197 0.0118828
-2.65574 1.08197 0.0145365
-2.45902 1.08197 0.0477581
-2.2623 1.08197 0.120699
-2.06557 1.08197 0.241521
-1.86885 1.08197 0.416721
-1.67213 1.08197 0.650356
-1.47541 1.08197 0.943186
-1.27869 1.08197 1.29184
-1.08197 1.08197 1.68827
-0.885246 1.08197 2.11962
-0.688525 1.08197 2.5689
-0.491803 1.08197 3.01627
-0.295082 1.08197 3.44082
-0.0983607 1.08197 3.82252
0.0983607 1.08197 4.14109
0.295082 1.08197 4.40607
0.491803 1.08197 4.5895
0.688525 1.08197 4.68061
0.885246 1.08197 4.67243
1.08197 1.08197 4.56298
1.27869 1.08197 4.35634
1.47541 1.08197 4.06295
1.67213 1.08197 3.69901
1.86885 1.08197 3.28492
2.06557 1.08197 2.84306
2.2623 1.08197 2.39546
2.45902 1.08197 1.96168
2.65574 1.08197 1.55749
2.85246 1.08197 1.19438
3.04918 1.08197 0.879684
3.2459 1.08197 0.617161
3.44262 1.08197 0.407577
3.63934 1.08197 0.249175
3.83607 1.08197 0.137966
4.03279 1.08197 0.0679616
4.22951 1.08197 0.0315375
4.42623 1.08197 0.0200363
4.62295 1.08197 0.0246016
4.81967 1.08197 0.0371037
5.01639 1.08197 0.0509452
5.21311 1.08197 0.0615568
5.40984 1.08197 0.0664925
5.60656 1.08197 0.0651648
5.80328 1.08197 0.0583554
-6 1.27869 0.0163816
-5.80328 1.27869 0.0200278
-5.60656 1.27869 0.028299
-5.40984 1.27869 0.0415568
-5.21311 1.27869 0.0595403
-5.01639 1.27869 0.0812938
-4.81967 1.27869 0.105148
-4.62295 1.27869 0.128777
-4.42623 1.27869 0.149364
-4.22951 1.27869 0.163913
-4.03279 1.27869 0.169695
-3.83607 1.27869 0.164791
-3.63934 1.27869 0.148626
-3.44262 1.27869 0.12239
-3.2459 1.27869 0.0892547
-3.04918 1.27869 0.0543373
-2.85246 1.27869 0.0244485
-2.65574 1.27869 0.00768342
-2.45902 1.27869 0.012933
-2.2623 1.27869 0.0493502
-2.06557 1.27869 0.125754
-1.86885 1.27869 0.249923
-1.67213 1.27869 0.427742
-1.47541 1.27869 0.66225
-1.27869 1.27869 0.952727
-1.08197 1.27869 1.29404
-0.885246 1.27869 1.67651
-0.688525 1.27869 2.08633
-0.491803 1.27869 2.50669
-0.295082 1.27869 2.91928
-0.0983607 1.27869 3.30577
0.0983607 1.27869 3.66251
0.295082 1.27869 3.96547
0.491803 1.27869 4.19805
0.688525 1.27869 4.34651
0.885246 1.27869 4.40086
1.08197 1.27869 4.35634
1.27869 1.27869 4.21453
1.47541 1.27869 3.98359
1.67213 1.27869 3.67757
1.86885 1.27869 3.31483
2.06557 1.27869 2.91583
2.2623 1.27869 2.50098
2.45902 1.27869 2.08879
2.65574 1.27869 1.69484
2.85246 1.27869 1.3313
3.04918 1.27869 1.00715
3.2459 1.27869 0.728412
3.44262 1.27869 0.498488
3.63934 1.27869 0.318192
3.83607 1.27869 0.185742
4.03279 1.27869 0.0967962
4.22951 1.27869 0.0447614
4.42623 1.27869 0.0214486
4.62295 1.27869 0.0180274
4.81967 1.27869 0.0260773
5.01639 1.27869 0.0384931
5.21311 1.27869 0.0500492
5.40984 1.27869 0.0575475
5.60656 1.27869 0.0596084
5.80328 1.27869 0.056255
-6 1.47541 0.0147482
-5.80328 1.47541 0.0164208
-5.60656 1.47541 0.0221868
-5.40984 1.47541 0.0327526
-5.21311 1.47541 0.0483064
-5.01639 1.47541 0.068393
-4.81967 1.47541 0.091828
-4.62295 1.47541 0.116684
-4.42623 1.47541 0.140388
-4.22951 1.47541 0.159967
-4.03279 1.47541 0.172441
-3.83607 1.47541 0.17532
-3.63934 1.47541 0.167118
-3.44262 1.47541 0.147799
-3.2459 1.47541 0.119057
-3.04918 1.47541 0.0843989
-2.85246 1.47541 0.0490508
-2.65574 1.47541 0.019729
-2.45902 1.47541 0.0043176
-2.2623 1.47541 0.0114641
-2.06557 1.47541 0.05006
-1.86885 1.47541 0.12856
-1.67213 1.47541 0.254121
-1.47541 1.47541 0.431623
-1.27869 1.47541 0.662726
-1.08197 1.47541 0.945162
-0.885246 1.47541 1.27248
-0.688525 1.47541 1.63433
-0.491803 1.47541 2.01729
-0.295082 1.47541 2.40593
-0.0983607 1.47541 2.78406
0.0983607 1.47541 3.16012
0.295082 1.47541 3.4843
0.491803 1.47541 3.75029
0.688525 1.47541 3.94255
0.885246 1.47541 4.04905
1.08197 1.47541 4.06295
1.27869 1.47541 3.98359
1.47541 1.47541 3.81669
1.67213 1.47541 3.57363
1.86885 1.47541 3.26991
2.06557 1.47541 2.92316
2.2623 1.47541 2.55132
2.45902 1.47541 2.17115
2.65574 1.47541 1.79744
2.85246 1.47541 1.44274
3.04918 1.47541 1.11738
3.2459 1.47541 0.829514
3.44262 1.47541 0.585045
3.63934 1.47541 0.387282
3.83607 1.47541 0.23663
4.03279 1.47541 0.130455
4.22951 1.47541 0.0633512
4.42623 1.47541 0.0278475
4.62295 1.47541 0.0154509
4.81967 1.47541 0.0177755
5.01639 1.47541 0.0274977
5.21311 1.47541 0.0389505
5.40984 1.47541 0.0483052
5.60656 1.47541 0.0534223
5.80328 1.47541 0.0535286
-6 1.67213 0.013559
-5.80328 1.67213 0.0135932
-5.60656 1.67213 0.0170329
-5.40984 1.67213 0.0248351
-5.21311 1.67213 0.037565
-5.01639 1.67213 0.0552345
-4.81967 1.67213 0.0771645
-4.62295 1.67213 0.101908
-4.42623 1.67213 0.127282
-4.22951 1.67213 0.150534
-4.03279 1.67213 0.168672
-3.83607 1.67213 0.17889
-3.63934 1.67213 0.179047
-3.44262 1.67213 0.168105
-3.2459 1.67213 0.146445
-3.04918 1.67213 0.116045
-2.85246 1.67213 0.080525
-2.65574 1.67213 0.0450691
-2.45902 1.67213 0.016268
-2.2623 1.67213 0.00185063
-2.06557 1.67213 0.0102703
-1.86885 1.67213 0.0500956
-1.67213 1.67213 0.129199
-1.47541 1.67213 0.253808
-1.27869 1.67213 0.427569
-1.08197 1.67213 0.65081
-0.885246 1.67213 0.92018
-0.688525 1.67213 1.22874
-0.491803 1.67213 1.56649
-0.295082 1.67213 1.92106
-0.0983607 1.67213 2.27861
0.0983607 1.67213 2.65302
0.295082 1.67213 2.98196
0.491803 1.67213 3.26553
0.688525 1.67213 3.4875
0.885246 1.67213 3.63477
1.08197 1.67213 3.69901
1.27869 1.67213 3.67757
1.47541 1.67213 3.57363
1.67213 1.67213 3.39546
1.86885 1.67213 3.15509
2.06557 1.67213 2.86669
2.2623 1.67213 2.54513
2.45902 1.67213 2.20493
2.65574 1.67213 1.85974
2.85246 1.67213 1.52214
3.04918 1.67213 1.20356
3.2459 1.67213 0.913989
3.44262 1.67213 0.661547
3.63934 1.67213 0.451778
3.83607 1.67213 0.287086
4.03279 1.67213 0.166476
4.22951 1.67213 0.0858023
4.42623 1.67213 0.038516
4.62295 1.67213 0.0167541
4.81967 1.67213 0.0124903
5.01639 1.67213 0.018484
5.21311 1.67213 0.0288627
5.40984 1.67213 0.0393186
5.60656 1.67213 0.0470231
5.80328 1.67213 0.0504133
-6 1.86885 0.0128012
-5.80328 1.86885 0.0115935
-5.60656 1.86885 0.0130107
-5.40984 1.86885 0.0181593
-5.21311 1.86885 0.0278916
-5.01639 1.86885 0.0426237
-4.81967 1.86885 0.0621621
-4.62295 1.86885 0.0855769
-4.42623 1.86885 0.111168
-4.22951 1.86885 0.136564
-4.03279 1.86885 0.158962
-3.83607 1.86885 0.17549
-3.63934 1.86885 0.183613
-3.44262 1.86885 0.181548
-3.2459 1.86885 0.168592
-3.04918 1.86885 0.145362
-2.85246 1.86885 0.113946
-2.65574 1.86885 0.0779579
-2.45902 1.86885 0.0425261
-2.2623 1.86885 0.014161
-2.06557 1.86885 0.000464401
-1.86885 1.86885 0.00962566
-1.67213 1.86885 0.049701
-1.47541 1.86885 0.127739
-1.27869 1.86885 0.248886
-1.08197 1.86885 0.415642
-0.885246 1.86885 0.627407
-0.688525 1.86885 0.880386
-0.491803 1.86885 1.16782
-0.295082 1.86885 1.48038
-0.0983607 1.86885 1.80669
0.0983607 1.86885 2.15982
0.295082 1.86885 2.4787
0.491803 1.86885 2.76516
0.688525 1.86885 3.00323
0.885246 1.86885 3.17958
1.08197 1.86885 3.28492
1.27869 1.86885 3.31483
1.47541 1.86885 3.26991
1.67213 1.86885 3.15509
1.86885 1.86885 2.97863
2.06557 1.86885 2.75092
2.2623 1.86885 2.48348
2.45902 1.86885 2.18837
2.65574 1.86885 1.87786
2.85246 1.86885 1.56432
3.04918 1.86885 1.25993
3.2459 1.86885 0.976121
3.44262 1.86885 0.722755
3.63934 1.86885 0.507188
3.83607 1.86885 0.333494
4.03279 1.86885 0.202143
4.22951 1.86885 0.110248
4.42623 1.86885 0.0523382
4.62295 1.86885 0.0214416
4.81967 1.86885 0.0101973
5.01639 1.86885 0.0117385
5.21311 1.86885 0.0202252
5.40984 1.86885 0.0310398
5.60656 1.86885 0.0407676
5.80328 1.86885 0.0471071
-6 2.06557 0.0124201
-5.80328 2.06557 0.0103923
-5.60656 2.06557 0.0101809
-5.40984 2.06557 0.0129435
-5.21311 2.06557 0.0197192
-5.01639 2.06557 0.0312435
-4.81967 2.06557 0.047755
-4.62295 2.06557 0.0688314
-4.42623 2.06557 0.0933029
-4.22951 2.06557 0.119282
-4.03279 2.06557 0.144323
-3.83607 2.06557 0.165698
-3.63934 2.06557 0.180734
-3.44262 2.06557 0.187172
-3.2459 2.06557 0.183492
-3.04918 2.06557 0.169182
-2.85246 2.06557 0.144958
-2.65574 2.06557 0.112932
-2.45902 2.06557 0.0767164
-2.2623 2.06557 0.0414254
-2.06557 2.06557 0.0135074
-1.86885 2.06557 0.00036865
-1.67213 2.06557 0.0097696
-1.47541 2.06557 0.0490551
-1.27869 2.06557 0.124333
-1.08197 2.06557 0.239742
-0.885246 2.06557 0.396936
-0.688525 2.06557 0.59483
-0.491803 2.06557 0.829582
-0.295082 2.06557 1.09473
-0.0983607 2.06557 1.3814
0.0983607 2.06557 1.69782
0.295082 2.06557 1.99443
0.491803 2.06557 2.27107
0.688525 2.06557 2.51284
0.885246 2.06557 2.70676
1.08197 2.06557 2.84306
1.27869 2.06557 2.91583
1.47541 2.06557 2.92316
1.67213 2.06557 2.86669
1.86885 2.06557 2.75092
2.06557 2.06557 2.58247
2.2623 2.06557 2.36958
2.45902 2.06557 2.12181
2.65574 2.06557 1.84999
2.85246 2.06557 1.56603
3.04918 2.06557 1.28245
3.2459 2.06557 1.01157
3.44262 2.06557 0.764438
3.63934 2.06557 0.54965
3.83607 2.06557 0.372526
4.03279 2.06557 0.23475
4.22951 2.06557 0.134639
4.42623 2.06557 0.0679062
4.62295 2.06557 0.0286921
4.81967 2.06557 0.0105647
5.01639 2.06557 0.00728994
5.21311 2.06557 0.0132808
5.40984 2.06557 0.0237823
5.60656 2.06557 0.034922
5.80328 2.06557 0.0437514
-6 2.2623 0.012318
-5.80328 2.2623 0.00988184
-5.60656 2.2623 0.00848624
-5.40984 2.2623 0.00925062
-5.21311 2.2623 0.0133006
-5.01639 2.2623 0.0215931
-4.81967 2.2623 0.0347183
-4.62295 2.2623 0.0527143
-4.42623 2.2623 0.0749403
-4.22951 2.2623 0.100046
-4.03279 2.2623 0.126055
-3.83607 2.2623 0.150555
-3.63934 2.2623 0.170961
-3.44262 2.2623 0.184803
-3.2459 2.2623 0.190022
-3.04918 2.2623 0.185246
-2.85246 2.2623 0.170049
-2.65574 2.2623 0.145196
-2.45902 2.2623 0.11284
-2.2623 2.2623 0.0766376
-2.06557 2.2623 0.0417005
-1.86885 2.2623 0.014352
-1.67213 2.2623 0.0016551
-1.47541 2.2623 0.0107667
-1.27869 2.2623 0.0482104
-1.08197 2.2623 0.119189
-0.885246 2.2623 0.227032
-0.688525 2.2623 0.372829
-0.491803 2.2623 0.555229
-0.295082 2.2623 0.770359
-0.0983607 2.2623 1.01181
0.0983607 2.2623 1.28196
0.295082 2.2623 1.54716
0.491803 2.2623 1.80373
0.688525 2.2623 2.03834
0.885246 2.2623 2.23889
1.08197 2.2623 2.39546
1.27869 2.2623 2.50098
1.47541 2.2623 2.55132
1.67213 2.2623 2.54513
1.86885 2.2623 2.48348
2.06557 2.2623 2.36958
2.2623 2.2623 2.20863
2.45902 2.2623 2.00793
2.65574 2.2623 1.77681
2.85246 2.2623 1.52647
3.04918 2.2623 1.2693
3.2459 2.2623 1.01792
3.44262 2.2623 0.783852
3.63934 2.2623 0.57634
3.83607 2.2623 0.401468
4.03279 2.2623 0.261854
4.22951 2.2623 0.156928
4.42623 2.2623 0.0836547
4.62295 2.2623 0.0374451
4.81967 2.2623 0.0130016
5.01639 2.2623 0.0049273
5.21311 2.2623 0.0080737
5.40984 2.2623 0.0177113
5.60656 2.2623 0.0296541
5.80328 2.2623 0.040433
-6 2.45902 0.0123665
-5.80328 2.45902 0.00989159
-5.60656 2.45902 0.0077658
-5.40984 2.45902 0.00699646
-5.21311 2.45902 0.00870238
-5.01639 2.45902 0.01396
-4.81967 2.45902 0.0236142
-4.62295 2.45902 0.0380863
-4.42623 2.45902 0.057221
-4.22951 2.45902 0.0802085
-4.03279 2.45902 0.105602
-3.83607 2.45902 0.13143
-3.63934 2.45902 0.155372
-3.44262 2.45902 0.174985
-3.2459 2.45902 0.187943
-3.04918 2.45902 0.1923
-2.85246 2.45902 0.186759
-2.65574 2.45902 0.170959
-2.45902 2.45902 0.145742
-2.2623 2.45902 0.113349
-2.06557 2.45902 0.0774923
-1.86885 2.45902 0.0432244
-1.67213 2.45902 0.0166081
-1.47541 2.45902 0.00420168
-1.27869 2.45902 0.0124444
-1.08197 2.45902 0.0470356
-0.885246 2.45902 0.112388
-0.688525 2.45902 0.211194
-0.491803 2.45902 0.344106
-0.295082 2.45902 0.509494
-0.0983607 2.45902 0.703289
0.0983607 2.45902 0.923517
0.295082 2.45902 1.15137
0.491803 2.45902 1.3802
0.688525 2.45902 1.59861
0.885246 2.45902 1.79566
1.08197 2.45902 1.96168
1.27869 2.45902 2.08879
1.47541 2.45902 2.17115
1.67213 2.45902 2.20493
1.86885 2.45902 2.18837
2.06557 2.45902 2.12181
2.2623 2.45902 2.00793
2.45902 2.45902 1.85198
2.65574 2.45902 1.66183
2.85246 2.45902 1.44769
3.04918 2.45902 1.22133
3.2459 2.45902 0.995002
3.44262 2.45902 0.780041
3.63934 2.45902 0.585723
3.83607 2.45902 0.418443
4.03279 2.45902 0.281473
4.22951 2.45902 0.175249
4.42623 2.45902 0.098003
4.62295 2.45902 0.0465113
4.81967 2.45902 0.016735
5.01639 2.45902 0.00424787
5.21311 2.45902 0.00447604
5.40984 2.45902 0.0128581
5.60656 2.45902 0.0250456
5.80328 2.45902 0.0372022
-6 2.65574 0.0124284
-5.80328 2.65574 0.0102185
-5.60656 2.65574 0.0077889
-5.40984 2.65574 0.00598084
-5.21311 2.65574 0.00582698
-5.01639 2.65574 0.00842635
-4.81967 2.65574 0.0147751
-4.62295 2.65574 0.0255811
-4.42623 2.65574 0.0410987
-4.22951 2.65574 0.0610192
-4.03279 2.65574 0.084435
-3.83607 2.65574 0.10988
-3.63934 2.65574 0.135435
-3.44262 2.65574 0.158874
-3.2459 2.65574 0.177851
-3.04918 2.65574 0.190123
-2.85246 2.65574 0.193807
-2.65574 2.65574 0.187681
-2.45902 2.65574 0.171488
-2.2623 2.65574 0.146196
-2.06557 2.65574 0.114154
-1.86885 2.65574 0.0790719
-1.67213 2.65574 0.0458212
-1.47541 2.65574 0.0200509
-1.27869 2.65574 0.00769711
-1.08197 2.65574 0.0144495
-0.885246 2.65574 0.045244
-0.688525 2.65574 0.103814
-0.491803 2.65574 0.192302
-0.295082 2.65574 0.310931
-0.0983607 2.65574 0.457732
0.0983607 2.65574 0.629214
0.295082 2.65574 0.816744
0.491803 2.65574 1.01271
0.688525 2.65574 1.20778
0.885246 2.65574 1.39241
1.08197 2.65574 1.55749
1.27869 2.65574 1.69484
1.47541 2.65574 1.79744
1.67213 2.65574 1.85974
1.86885 2.65574 1.87786
2.06557 2.65574 1.84999
2.2623 2.65574 1.77681
2.45902 2.65574 1.66183
2.65574 2.65574 1.51145
2.85246 2.65574 1.33463
3.04918 2.65574 1.14204
3.2459 2.65574 0.944934
3.44262 2.65574 0.753872
3.63934 2.65574 0.577625
3.83607 2.65574 0.422508
4.03279 2.65574 0.292209
4.22951 2.65574 0.188048
4.42623 2.65574 0.109492
4.62295 2.65574 0.0546937
4.81967 2.65574 0.0209064
5.01639 2.65574 0.00472622
5.21311 2.65574 0.00223329
5.40984 2.65574 0.00914946
5.60656 2.65574 0.0211143
5.80328 2.65574 0.0340945
-6 2.85246 0.0123843
-5.80328 2.85246 0.0106612
-5.60656 2.85246 0.00829636
-5.40984 2.85246 0.00593191
-5.21311 2.85246 0.00445392
-5.01639 2.85246 0.00489969
-4.81967 2.85246 0.00831624
-4.62295 2.85246 0.0155923
-4.42623 2.85246 0.0272953
-4.22951 2.85246 0.0435439
-4.03279 2.85246 0.0639336
-3.83607 2.85246 0.0875225
-3.63934 2.85246 0.112867
-3.44262 2.85246 0.138101
-3.2459 2.85246 0.161061
-3.04918 2.85246 0.179456
-2.85246 2.85246 0.191095
-2.65574 2.85246 0.194178
-2.45902 2.85246 0.187605
-2.2623 2.85246 0.171276
-2.06557 2.85246 0.146306
-1.86885 2.85246 0.115099
-1.67213 2.85246 0.0812541
-1.47541 2.85246 0.0493166
-1.27869 2.85246 0.0244064
-1.08197 2.85246 0.0117894
-0.885246 2.85246 0.0164374
-0.688525 2.85246 0.0426041
-0.491803 2.85246 0.0934238
-0.295082 2.85246 0.170534
-0.0983607 2.85246 0.273747
0.0983607 2.85246 0.400708
0.295082 2.85246 0.54756
0.491803 2.85246 0.707943
0.688525 2.85246 0.874574
0.885246 2.85246 1.03946
1.08197 2.85246 1.19438
1.27869 2.85246 1.3313
1.47541 2.85246 1.44274
1.67213 2.85246 1.52214
1.86885 2.85246 1.56432
2.06557 2.85246 1.56603
2.2623 2.85246 1.52647
2.45902 2.85246 1.44769
2.65574 2.85246 1.33463
2.85246 2.85246 1.19475
3.04918 2.85246 1.03721
3.2459 2.85246 0.871801
3.44262 2.85246 0.707803
3.63934 2.85246 0.553095
3.83607 2.85246 0.413622
4.03279 2.85246 0.293292
4.22951 2.85246 0.194185
4.42623 2.85246 0.116907
4.62295 2.85246 0.060909
4.81967 2.85246 0.0246746
5.01639 2.85246 0.00579266
5.21311 2.85246 0.00101885
5.40984 2.85246 0.00644407
5.60656 2.85246 0.0178391
5.80328 2.85246 0.0311489
-6 3.04918 0.0121513
-5.80328 3.04918 0.0110494
-5.60656 3.04918 0.00903851
-5.40984 3.04918 0.00655052
-5.21311 3.04918 0.00428577
-5.01639 3.04918 0.00315366
-4.81967 3.04918 0.00416311
-4.62295 3.04918 0.00828016
-4.42623 3.04918 0.0162783
-4.22951 3.04918 0.0286071
-4.03279 3.04918 0.0452954
-3.83607 3.04918 0.0658953
-3.63934 3.04918 0.0894642
-3.44262 3.04918 0.114583
-3.2459 3.04918 0.139419
-3.04918 3.04918 0.161839
-2.85246 3.04918 0.179594
-2.65574 3.04918 0.190578
-2.45902 3.04918 0.193124
-2.2623 3.04918 0.186314
-2.06557 3.04918 0.170225
-1.86885 3.04918 0.146076
-1.67213 3.04918 0.116225
-1.47541 3.04918 0.0840309
-1.27869 3.04918 0.0536018
-1.08197 3.04918 0.0294764
-0.885246 3.04918 0.0162692
-0.688525 3.04918 0.0183036
-0.491803 3.04918 0.0392343
-0.295082 3.04918 0.0816677
-0.0983607 3.04918 0.146803
0.0983607 3.04918 0.234883
0.295082 3.04918 0.342914
0.491803 3.04918 0.467226
0.688525 3.04918 0.602491
0.885246 3.04918 0.742333
1.08197 3.04918 0.879684
1.27869 3.04918 1.00715
1.47541 3.04918 1.11738
1.67213 3.04918 1.20356
1.86885 3.04918 1.25993
2.06557 3.04918 1.28245
2.2623 3.04918 1.2693
2.45902 3.04918 1.22133
2.65574 3.04918 1.14204
2.85246 3.04918 1.03721
3.04918 3.04918 0.914218
3.2459 3.04918 0.781056
3.44262 3.04918 0.64545
3.63934 3.04918 0.514145
3.83607 3.04918 0.392533
4.03279 3.04918 0.28459
4.22951 3.04918 0.193012
4.42623 3.04918 0.119388
4.62295 3.04918 0.0643026
4.81967 3.04918 0.0273175
5.01639 3.04918 0.00691153
5.21311 3.04918 0.00048882
5.40984 3.04918 0.00456729
5.60656 3.04918 0.0151791
5.80328 3.04918 0.028417
-6 3.2459 0.0116912
-5.80328 3.2459 0.0112599
-5.60656 3.2459 0.00980115
-5.40984 3.2459 0.00754484
-5.21311 3.2459 0.00498835
-5.01639 3.2459 0.00286842
-4.81967 3.2459 0.00208476
-4.62295 3.2459 0.0035879
-4.42623 3.2459 0.00825143
-4.22951 3.2459 0.0167487
-4.03279 3.2459 0.0294479
-3.83607 3.2459 0.04633
-3.63934 3.2459 0.0669313
-3.44262 3.2459 0.0903114
-3.2459 3.2459 0.115059
-3.04918 3.2459 0.139354
-2.85246 3.2459 0.161094
-2.65574 3.2459 0.178112
-2.45902 3.2459 0.188441
-2.2623 3.2459 0.190606
-2.06557 3.2459 0.183892
-1.86885 3.2459 0.16852
-1.67213 3.2459 0.145724
-1.47541 3.2459 0.117697
-1.27869 3.2459 0.0874576
-1.08197 3.2459 0.058627
-0.885246 3.2459 0.0351765
-0.688525 3.2459 0.0211337
-0.491803 3.2459 0.0202579
-0.295082 3.2459 0.0356877
-0.0983607 3.2459 0.0695829
0.0983607 3.2459 0.124762
0.295082 3.2459 0.197624
0.491803 3.2459 0.287422
0.688525 3.2459 0.390611
0.885246 3.2459 0.502432
1.08197 3.2459 0.617161
1.27869 3.2459 0.728412
1.47541 3.2459 0.829514
1.67213 3.2459 0.913989
1.86885 3.2459 0.976121
2.06557 3.2459 1.01157
2.2623 3.2459 1.01792
2.45902 3.2459 0.995002
2.65574 3.2459 0.944934
2.85246 3.2459 0.871801
3.04918 3.2459 0.781056
3.2459 3.2459 0.678797
3.44262 3.2459 0.571085
3.63934 3.2459 0.463448
3.83607 3.2459 0.360641
4.03279 3.2459 0.26659
4.22951 3.2459 0.184434
4.42623 3.2459 0.116529
4.62295 3.2459 0.0643507
4.81967 3.2459 0.0283206
5.01639 3.2459 0.00765088
5.21311 3.2459 0.000331011
5.40984 3.2459 0.00334108
5.60656 3.2459 0.0130872
5.80328 3.2459 0.025962
-6 3.44262 0.0110053
-5.80328 3.44262 0.0112187
-5.60656 3.44262 0.0104169
-5.40984 3.44262 0.00865168
-5.21311 3.44262 0.00622057
-5.01639 3.44262 0.00366534
-4.81967 3.44262 0.00172694
-4.62295 3.44262 0.00126523
-4.42623 3.44262 0.00315836
-4.22951 3.44262 0.00819684
-4.03279 3.44262 0.0169823
-3.83607 3.44262 0.0298346
-3.63934 3.44262 0.046709
-3.44262 3.44262 0.067127
-3.2459 3.44262 0.0901372
-3.04918 3.44262 0.114324
-2.85246 3.44262 0.137886
-2.65574 3.44262 0.158793
-2.45902 3.44262 0.175017
-2.2623 3.44262 0.184785
-2.06557 3.44262 0.186842
-1.86885 3.44262 0.180644
-1.67213 3.44262 0.166479
-1.47541 3.44262 0.14549
-1.27869 3.44262 0.119619
-1.08197 3.44262 0.0914965
-0.885246 3.44262 0.0642714
-0.688525 3.44262 0.0414075
-0.491803 3.44262 0.0264267
-0.295082 3.44262 0.0226054
-0.0983607 3.44262 0.0326409
0.0983607 3.44262 0.0608344
0.295082 3.44262 0.103549
0.491803 3.44262 0.162171
0.688525 3.44262 0.234709
0.885246 3.44262 0.317942
1.08197 3.44262 0.407577
1.27869 3.44262 0.498488
1.47541 3.44262 0.585045
1.67213 3.44262 0.661547
1.86885 3.44262 0.722755
2.06557 3.44262 0.764438
2.2623 3.44262 0.783852
2.45902 3.44262 0.780041
2.65574 3.44262 0.753872
2.85246 3.44262 0.707803
3.04918 3.44262 0.64545
3.2459 3.44262 0.571085
3.44262 3.44262 0.489176
3.63934 3.44262 0.404082
3.83607 3.44262 0.319897
4.03279 3.44262 0.240395
4.22951 3.44262 0.16896
4.42623 3.44262 0.108448
4.62295 3.44262 0.0609353
4.81967 3.44262 0.0274437
5.01639 3.44262 0.00773522
5.21311 3.44262 0.000303248
5.40984 3.44262 0.0026076
5.60656 3.44262 0.0115183
5.80328 3.44262 0.0238511
-6 3.63934 0.0101216
-5.80328 3.63934 0.0108933
-5.60656 3.63934 0.0107656
-5.40984 3.63934 0.00964729
-5.21311 3.63934 0.0076561
-5.01639 3.63934 0.00513757
-4.81967 3.63934 0.00264728
-4.62295 3.63934 0.000901086
-4.42623 3.63934 0.000703757
-4.22951 3.63934 0.00286618
-4.03279 3.63934 0.00811749
-3.83607 3.63934 0.0170135
-3.63934 3.63934 0.0298422
-3.44262 3.63934 0.0465321
-3.2459 3.63934 0.066578
-3.04918 3.63934 0.0890081
-2.85246 3.63934 0.112412
-2.65574 3.63934 0.135048
-2.45902 3.63934 0.155014
-2.2623 3.63934 0.17047
-2.06557 3.63934 0.179868
-1.86885 3.63934 0.182144
-1.67213 3.63934 0.17686
-1.47541 3.63934 0.164278
-1.27869 3.63934 0.145374
-1.08197 3.63934 0.121799
-0.885246 3.63934 0.0958113
-0.688525 3.63934 0.0701426
-0.491803 3.63934 0.047825
-0.295082 3.63934 0.0319474
-0.0983607 3.63934 0.0253639
0.0983607 3.63934 0.0324724
0.295082 3.63934 0.0509692
0.491803 3.63934 0.0831616
0.688525 3.63934 0.12833
0.885246 3.63934 0.18463
1.08197 3.63934 0.249175
1.27869 3.63934 0.318192
1.47541 3.63934 0.387282
1.67213 3.63934 0.451778
1.86885 3.63934 0.507188
2.06557 3.63934 0.54965
2.2623 3.63934 0.57634
2.45902 3.63934 0.585723
2.65574 3.63934 0.577625
2.85246 3.63934 0.553095
3.04918 3.63934 0.514145
3.2459 3.63934 0.463448
3.44262 3.63934 0.404082
3.63934 3.63934 0.339358
3.83607 3.63934 0.272731
4.03279 3.63934 0.207713
4.22951 3.63934 0.14772
4.42623 3.63934 0.0958159
4.62295 3.63934 0.0543743
4.81967 3.63934 0.0247503
5.01639 3.63934 0.00707364
5.21311 3.63934 0.000257704
5.40984 3.63934 0.0022461
5.60656 3.63934 0.0104351
5.80328 3.63934 0.0221481
-6 3.83607 0.00908085
-5.80328 3.83607 0.0102819
-5.60656 3.83607 0.0107704
-5.40984 3.83607 0.0103536
-5.21311 3.83607 0.00900185
-5.01639 3.83607 0.006881
-4.81967 3.83607 0.00435643
-4.62295 3.83607 0.00197005
-4.42623 3.83607 0.000397241
-4.22951 3.83607 0.00038991
-4.03279 3.83607 0.00270819
-3.83607 3.83607 0.00803965
-3.63934 3.83607 0.0169053
-3.44262 3.83607 0.0295578
-3.2459 3.83607 0.0458858
-3.04918 3.83607 0.065349
-2.85246 3.83607 0.0869647
-2.65574 3.83607 0.109364
-2.45902 3.83607 0.130915
-2.2623 3.83607 0.149894
-2.06557 3.83607 0.164676
-1.86885 3.83607 0.173913
-1.67213 3.83607 0.176676
-1.47541 3.83607 0.172555
-1.27869 3.83607 0.161719
-1.08197 3.83607 0.144946
-0.885246 3.83607 0.123616
-0.688525 3.83607 0.099666
-0.491803 3.83607 0.075481
-0.295082 3.83607 0.0537253
-0.0983607 3.83607 0.0371015
0.0983607 3.83607 0.0291445
0.295082 3.83607 0.0297634
0.491803 3.83607 0.0411796
0.688525 3.83607 0.0636378
0.885246 3.83607 0.096442
1.08197 3.83607 0.137966
1.27869 3.83607 0.185742
1.47541 3.83607 0.23663
1.67213 3.83607 0.287086
1.86885 3.83607 0.333494
2.06557 3.83607 0.372526
2.2623 3.83607 0.401468
2.45902 3.83607 0.418443
2.65574 3.83607 0.422508
2.85246 3.83607 0.413622
3.04918 3.83607 0.392533
3.2459 3.83607 0.360641
3.44262 3.83607 0.319897
3.63934 3.83607 0.272731
3.83607 3.83607 0.221985
4.03279 3.83607 0.170805
4.22951 3.83607 0.122418
4.42623 3.83607 0.0798176
4.62295 3.83607 0.0453914
4.81967 3.83607 0.0205919
5.01639 3.83607 0.00575835
5.21311 3.83607 0.000149191
5.40984 3.83607 0.00218342
5.60656 3.83607 0.00981274
5.80328 3.83607 0.0209077
-6 4.03279 0.0079269
-5.80328 4.03279 0.00940528
-5.60656 4.03279 0.0103951
-5.40984 4.03279 0.010645
-5.21311 4.03279 0.0100173
-5.01639 4.03279 0.00852821
-4.81967 4.03279 0.00636678
-4.62295 4.03279 0.00389327
-4.42623 4.03279 0.00162134
-4.22951 4.03279 0.000186497
-4.03279 4.03279 0.00030033
-3.83607 4.03279 0.00268691
-3.63934 4.03279 0.00799856
-3.44262 4.03279 0.0167148
-3.2459 4.03279 0.0290378
-3.04918 4.03279 0.0448066
-2.85246 4.03279 0.0634524
-2.65574 4.03279 0.0840128
-2.45902 4.03279 0.105207
-2.2623 4.03279 0.125558
-2.06557 4.03279 0.143542
-1.86885 4.03279 0.157732
-1.67213 4.03279 0.166933
-1.47541 4.03279 0.170284
-1.27869 4.03279 0.167348
-1.08197 4.03279 0.158184
-0.885246 4.03279 0.143391
-0.688525 4.03279 0.124129
-0.491803 4.03279 0.10208
-0.295082 4.03279 0.0793405
-0.0983607 4.03279 0.0582431
0.0983607 4.03279 0.0412752
0.295082 4.03279 0.0302371
0.491803 4.03279 0.0268593
0.688525 4.03279 0.0320335
0.885246 4.03279 0.0459307
1.08197 4.03279 0.0679616
1.27869 4.03279 0.0967962
1.47541 4.03279 0.130455
1.67213 4.03279 0.166476
1.86885 4.03279 0.202143
2.06557 4.03279 0.23475
2.2623 4.03279 0.261854
2.45902 4.03279 0.281473
2.65574 4.03279 0.292209
2.85246 4.03279 0.293292
3.04918 4.03279 0.28459
3.2459 4.03279 0.26659
3.44262 4.03279 0.240395
3.63934 4.03279 0.207713
3.83607 4.03279 0.170805
4.03279 4.03279 0.132348
4.22951 4.03279 0.0951906
4.42623 4.03279 0.0620229
4.62295 4.03279 0.0350177
4.81967 4.03279 0.0155448
5.01639 4.03279 0.00403406
5.21311 4.03279 2.82538e-05
5.40984 4.03279 0.00239865
5.60656 4.03279 0.00964446
5.80328 4.03279 0.0201746
-6 4.22951 0.00670445
-5.80328 4.22951 0.008304
-5.60656 4.22951 0.00964483
-5.40984 4.22951 0.0104562
-5.21311 4.22951 0.0105342
-5.01639 4.22951 0.00978362
-4.81967 4.22951 0.00824483
-4.62295 4.22951 0.00610814
-4.42623 4.22951 0.00371582
-4.22951 4.22951 0.0015532
-4.03279 4.22951 0.000225609
-3.83607 4.22951 0.00041499
-3.63934 4.22951 0.00281157
-3.44262 4.22951 0.00802238
-3.2459 4.22951 0.0164681
-3.04918 4.22951 0.0282877
-2.85246 4.22951 0.0432739
-2.65574 4.22951 0.0608551
-2.45902 4.22951 0.0801303
-2.2623 4.22951 0.0999461
-2.06557 4.22951 0.119002
-1.86885 4.22951 0.13596
-1.67213 4.22951 0.149555
-1.47541 4.22951 0.158687
-1.27869 4.22951 0.162526
-1.08197 4.22951 0.160597
-0.885246 4.22951 0.152869
-0.688525 4.22951 0.13982
-0.491803 4.22951 0.122451
-0.295082 4.22951 0.102242
-0.0983607 4.22951 0.0810268
0.0983607 4.22951 0.060733
0.295082 4.22951 0.0436413
0.491803 4.22951 0.0311946
0.688525 4.22951 0.0246285
0.885246 4.22951 0.0246847
1.08197 4.22951 0.0315375
1.27869 4.22951 0.0447614
1.47541 4.22951 0.0633512
1.67213 4.22951 0.0858023
1.86885 4.22951 0.110248
2.06557 4.22951 0.134639
2.2623 4.22951 0.156928
2.45902 4.22951 0.175249
2.65574 4.22951 0.188048
2.85246 4.22951 0.194185
3.04918 4.22951 0.193012
3.2459 4.22951 0.184434
3.44262 4.22951 0.16896
3.63934 4.22951 0.14772
3.83607 4.22951 0.122418
4.03279 4.22951 0.0951906
4.22951 4.22951 0.068371
4.42623 4.22951 0.0441829
4.62295 4.22951 0.0244382
4.81967 4.22951 0.0103109
5.01639 4.22951 0.00224674
5.21311 4.22951 2.32611e-05
5.40984 4.22951 0.00292287
5.60656 4.22951 0.00994591
5.80328 4.22951 0.0199864
-6 4.42623 0.00546106
-5.80328 4.42623 0.00703886
-5.60656 4.42623 0.00856722
-5.40984 4.42623 0.00978875
-5.21311 4.42623 0.0104727
-5.01639 4.42623 0.010453
-4.81967 4.42623 0.00965829
-4.62295 4.42623 0.00813501
-4.42623 4.42623 0.00606388
-4.22951 4.42623 0.0037692
-4.03279 4.42623 0.00171588
-3.83607 4.42623 0.000486674
-3.63934 4.42623 0.00073279
-3.44262 4.42623 0.00309779
-3.2459 4.42623 0.00812372
-3.04918 4.42623 0.0161567
-2.85246 4.42623 0.0272726
-2.65574 4.42623 0.041238
-2.45902 4.42623 0.057514
-2.2623 4.42623 0.0752964
-2.06557 4.42623 0.0935795
-1.86885 4.42623 0.111231
-1.67213 4.42623 0.12707
-1.47541 4.42623 0.139948
-1.27869 4.42623 0.148835
-1.08197 4.42623 0.152924
-0.885246 4.42623 0.151734
-0.688525 4.42623 0.145198
-0.491803 4.42623 0.13373
-0.295082 4.42623 0.118217
-0.0983607 4.42623 0.0999541
0.0983607 4.42623 0.0810451
0.295082 4.42623 0.0624846
0.491803 4.42623 0.0459367
0.688525 4.42623 0.0327195
0.885246 4.42623 0.0238662
1.08197 4.42623 0.0200363
1.27869 4.42623 0.0214486
1.47541 4.42623 0.0278475
1.67213 4.42623 0.038516
1.86885 4.42623 0.0523382
2.06557 4.42623 0.0679062
2.2623 4.42623 0.0836547
2.45902 4.42623 0.098003
2.65574 4.42623 0.109492
2.85246 4.42623 0.116907
3.04918 4.42623 0.119388
3.2459 4.42623 0.116529
3.44262 4.42623 0.108448
3.63934 4.42623 0.0958159
3.83607 4.42623 0.0798176
4.03279 4.42623 0.0620229
4.22951 4.42623 0.0441829
4.42623 4.42623 0.0279837
4.62295 4.42623 0.0148144
4.81967 4.42623 0.00560733
5.01639 4.42623 0.000785882
5.21311 4.42623 0.000318065
5.40984 4.42623 0.00383532
5.60656 4.42623 0.0107579
5.80328 4.42623 0.0203762
-6 4.62295 0.0042494
-5.80328 4.62295 0.00568945
-5.60656 4.62295 0.00724971
-5.40984 4.62295 0.00871008
-5.21311 4.62295 0.00984598
-5.01639 4.62295 0.0104594
-4.81967 4.62295 0.0104072
-4.62295 4.62295 0.00962728
-4.42623 4.62295 0.00816365
-4.22951 4.62295 0.00618823
-4.03279 4.62295 0.00401423
-3.83607 4.62295 0.00209166
-3.63934 4.62295 0.000977288
-3.44262 4.62295 0.00127673
-3.2459 4.62295 0.00356531
-3.04918 4.62295 0.00830224
-2.85246 4.62295 0.0157559
-2.65574 4.62295 0.0259546
-2.45902 4.62295 0.03867
-2.2623 4.62295 0.0534282
-2.06557 4.62295 0.0695411
-1.86885 4.62295 0.0861475
-1.67213 4.62295 0.10226
-1.47541 4.62295 0.116824
-1.27869 4.62295 0.128785
-1.08197 4.62295 0.137189
-0.885246 4.62295 0.141283
-0.688525 4.62295 0.140628
-0.491803 4.62295 0.135175
-0.295082 4.62295 0.125306
-0.0983607 4.62295 0.111803
0.0983607 4.62295 0.0974654
0.295082 4.62295 0.0807576
0.491803 4.62295 0.0639796
0.688525 4.62295 0.0483323
0.885246 4.62295 0.0349079
1.08197 4.62295 0.0246016
1.27869 4.62295 0.0180274
1.47541 4.62295 0.0154509
1.67213 4.62295 0.0167541
1.86885 4.62295 0.0214416
2.06557 4.62295 0.0286921
2.2623 4.62295 0.0374451
2.45902 4.62295 0.0465113
2.65574 4.62295 0.0546937
2.85246 4.62295 0.060909
3.04918 4.62295 0.0643026
3.2459 4.62295 0.0643507
3.44262 4.62295 0.0609353
3.63934 4.62295 0.0543743
3.83607 4.62295 0.0453914
4.03279 4.62295 0.0350177
4.22951 4.62295 0.0244382
4.42623 4.62295 0.0148144
4.62295 4.62295 0.00712641
4.81967 4.62295 0.0020712
5.01639 4.62295 3.55865e-05
5.21311 4.62295 0.00113114
5.40984 4.62295 0.00525637
5.60656 4.62295 0.0121449
5.80328 4.62295 0.0213736
-6 4.81967 0.00312565
-5.80328 4.81967 0.00434783
-5.60656 4.81967 0.00580939
-5.40984 4.81967 0.00734165
-5.21311 4.81967 0.00875061
-5.01639 4.81967 0.00983946
-4.81967 4.81967 0.0104316
-4.62295 4.81967 0.0103953
-4.42623 4.81967 0.00967188
-4.22951 4.81967 0.00830454
-4.03279 4.81967 0.00646309
-3.83607 4.81967 0.00445398
-3.63934 4.81967 0.00270756
-3.44262 4.81967 0.00173861
-3.2459 4.81967 0.00208459
-3.04918 4.81967 0.00423339
-2.85246 4.81967 0.00855573
-2.65574 4.81967 0.0152548
-2.45902 4.81967 0.0243385
-2.2623 4.81967 0.0356131
-2.06557 4.81967 0.0486889
-1.86885 4.81967 0.0629944
-1.67213 4.81967 0.0777956
-1.47541 4.81967 0.0922268
-1.27869 4.81967 0.105343
-1.08197 4.81967 0.116194
-0.885246 4.81967 0.123927
-0.688525 4.81967 0.127891
-0.491803 4.81967 0.127728
-0.295082 4.81967 0.123429
-0.0983607 4.81967 0.115338
0.0983607 4.81967 0.106983
0.295082 4.81967 0.0941255
0.491803 4.81967 0.0797469
0.688525 4.81967 0.0648034
0.885246 4.81967 0.050278
1.08197 4.81967 0.0371037
1.27869 4.81967 0.0260773
1.47541 4.81967 0.0177755
1.67213 4.81967 0.0124903
1.86885 4.81967 0.0101973
2.06557 4.81967 0.0105647
2.2623 4.81967 0.0130016
2.45902 4.81967 0.016735
2.65574 4.81967 0.0209064
2.85246 4.81967 0.0246746
3.04918 4.81967 0.0273175
3.2459 4.81967 0.0283206
3.44262 4.81967 0.0274437
3.63934 4.81967 0.0247503
3.83607 4.81967 0.0205919
4.03279 4.81967 0.0155448
4.22951 4.81967 0.0103109
4.42623 4.81967 0.00560733
4.62295 4.81967 0.0020712
4.81967 4.81967 0.000201629
5.01639 4.81967 0.000343432
5.21311 4.81967 0.00269804
5.40984 4.81967 0.00733575
5.60656 4.81967 0.0141861
5.80328 4.81967 0.0230007
-6 5.01639 0.00214286
-5.80328 5.01639 0.00310646
-5.60656 5.01639 0.0043754
-5.40984 5.01639 0.00583699
-5.21311 5.01639 0.00734261
-5.01639 5.01639 0.00872134
-4.81967 5.01639 0.00979566
-4.62295 5.01639 0.0104017
-4.42623 5.01639 0.0104156
-4.22951 5.01639 0.00978503
-4.03279 5.01639 0.00855936
-3.83607 5.01639 0.00691011
-3.63934 5.01639 0.00513174
-3.44262 5.01639 0.00361874
-3.2459 5.01639 0.00282132
-3.04918 5.01639 0.00318915
-2.85246 5.01639 0.00511567
-2.65574 5.01639 0.0088933
-2.45902 5.01639 0.014684
-2.2623 5.01639 0.0225029
-2.06557 5.01639 0.0322096
-1.86885 5.01639 0.0435011
-1.67213 5.01639 0.0559093
-1.47541 5.01639 0.0688079
-1.27869 5.01639 0.0814415
-1.08197 5.01639 0.0929809
-0.885246 5.01639 0.102606
-0.688525 5.01639 0.1096
-0.491803 5.01639 0.11344
-0.295082 5.01639 0.11386
-0.0983607 5.01639 0.110872
0.0983607 5.01639 0.108282
0.295082 5.01639 0.100062
0.491803 5.01639 0.0895078
0.688525 5.01639 0.077277
0.885246 5.01639 0.0641449
1.08197 5.01639 0.0509452
1.27869 5.01639 0.0384931
1.47541 5.01639 0.0274977
1.67213 5.01639 0.018484
1.86885 5.01639 0.0117385
2.06557 5.01639 0.00728994
2.2623 5.01639 0.0049273
2.45902 5.01639 0.00424787
2.65574 5.01639 0.00472622
2.85246 5.01639 0.00579266
3.04918 5.01639 0.00691153
3.2459 5.01639 0.00765088
3.44262 5.01639 0.00773522
3.63934 5.01639 0.00707364
3.83607 5.01639 0.00575835
4.03279 5.01639 0.00403406
4.22951 5.01639 0.00224674
4.42623 5.01639 0.000785882
4.62295 5.01639 3.55865e-05
4.81967 5.01639 0.000343432
5.01639 5.01639 0.00200518
5.21311 5.01639 0.00525312
5.40984 5.01639 0.0102327
5.60656 5.01639 0.0169592
5.80328 5.01639 0.0252619
-6 5.21311 0.00134158
-5.80328 5.21311 0.00204342
-5.60656 5.21311 0.00306763
-5.40984 5.21311 0.00435396
-5.21311 5.21311 0.00580448
-5.01639 5.21311 0.00728906
-4.81967 5.21311 0.00865358
-4.62295 5.21311 0.00973362
-4.42623 5.21311 0.0103764
-4.22951 5.21311 0.0104704
-4.03279 5.21311 0.00997691
-3.83607 5.21311 0.00895552
-3.63934 5.21311 0.00757451
-3.44262 5.21311 0.00610083
-3.2459 5.21311 0.00487133
-3.04918 5.21311 0.00425248
-2.85246 5.21311 0.00459868
-2.65574 5.21311 0.00621749
-2.45902 5.21311 0.00934464
-2.2623 5.21311 0.0141263
-2.06557 5.21311 0.0206029
-1.86885 5.21311 0.0286903
-1.67213 5.21311 0.038161
-1.47541 5.21311 0.0486329
-1.27869 5.21311 0.0595764
-1.08197 5.21311 0.0703491
-0.885246 5.21311 0.0802568
-0.688525 5.21311 0.0886323
-0.491803 5.21311 0.0949132
-0.295082 5.21311 0.0987028
-0.0983607 5.21311 0.0997997
0.0983607 5.21311 0.10162
0.295082 5.21311 0.09785
0.491803 5.21311 0.0915133
0.688525 5.21311 0.0829771
0.885246 5.21311 0.0727725
1.08197 5.21311 0.0615568
1.27869 5.21311 0.0500492
1.47541 5.21311 0.0389505
1.67213 5.21311 0.0288627
1.86885 5.21311 0.0202252
2.06557 5.21311 0.0132808
2.2623 5.21311 0.0080737
2.45902 5.21311 0.00447604
2.65574 5.21311 0.00223329
2.85246 5.21311 0.00101885
3.04918 5.21311 0.00048882
3.2459 5.21311 0.000331011
3.44262 5.21311 0.000303248
3.63934 5.21311 0.000257704
3.83607 5.21311 0.000149191
4.03279 5.21311 2.82538e-05
4.22951 5.21311 2.32611e-05
4.42623 5.21311 0.000318065
4.62295 5.21311 0.00113114
4.81967 5.21311 0.00269804
5.01639 5.21311 0.00525312
5.21311 5.21311 0.00900291
5.40984 5.21311 0.0140849
5.60656 5.21311 0.0205139
5.80328 5.21311 0.0281295
-6 5.40984 0.000741728
-5.80328 5.40984 0.00120977
-5.60656 5.40984 0.00197797
-5.40984 5.40984 0.00302885
-5.21311 5.40984 0.00431216
-5.01639 5.40984 0.00574402
-4.81967 5.40984 0.00720818
-4.62295 5.40984 0.00856296
-4.42623 5.40984 0.00965713
-4.22951 5.40984 0.0103547
-4.03279 5.40984 0.0105641
-3.83607 5.40984 0.0102652
-3.63934 5.40984 0.00952367
-3.44262 5.40984 0.00849027
-3.2459 5.40984 0.00738422
-3.04918 5.40984 0.00646676
-2.85246 5.40984 0.0060133
-2.65574 5.40984 0.00629052
-2.45902 5.40984 0.00753979
-2.2623 5.40984 0.00996352
-2.06557 5.40984 0.0137086
-1.86885 5.40984 0.018843
-1.67213 5.40984 0.0253282
-1.47541 5.40984 0.0329949
-1.27869 5.40984 0.041534
-1.08197 5.40984 0.0505116
-0.885246 5.40984 0.0594097
-0.688525 5.40984 0.0676849
-0.491803 5.40984 0.0748315
-0.295082 5.40984 0.0804318
-0.0983607 5.40984 0.0841857
0.0983607 5.40984 0.0885555
0.295082 5.40984 0.0883771
0.491803 5.40984 0.0858682
0.688525 5.40984 0.0811583
0.885246 5.40984 0.0745485
1.08197 5.40984 0.0664925
1.27869 5.40984 0.0575475
1.47541 5.40984 0.0483052
1.67213 5.40984 0.0393186
1.86885 5.40984 0.0310398
2.06557 5.40984 0.0237823
2.2623 5.40984 0.0177113
2.45902 5.40984 0.0128581
2.65574 5.40984 0.00914946
2.85246 5.40984 0.00644407
3.04918 5.40984 0.00456729
3.2459 5.40984 0.00334108
3.44262 5.40984 0.0026076
3.63934 5.40984 0.0022461
3.83607 5.40984 0.00218342
4.03279 5.40984 0.00239865
4.22951 5.40984 0.00292287
4.42623 5.40984 0.00383532
4.62295 5.40984 0.00525637
4.81967 5.40984 0.00733575
5.01639 5.40984 0.0102327
5.21311 5.40984 0.0140849
5.40984 5.40984 0.0189662
5.60656 5.40984 0.0248409
5.80328 5.40984 0.0315279
-6 5.60656 0.000339609
-5.80328 5.60656 0.000623583
-5.60656 5.60656 0.00115914
-5.40984 5.60656 0.00195837
-5.21311 5.60656 0.0030095
-5.01639 5.60656 0.00427193
-4.81967 5.60656 0.00567222
-4.62295 5.60656 0.00710499
-4.42623 5.60656 0.00844241
-4.22951 5.60656 0.00955289
-4.03279 5.60656 0.0103258
-3.83607 5.60656 0.0106954
-3.63934 5.60656 0.0106569
-3.44262 5.60656 0.0102697
-3.2459 5.60656 0.00964883
-3.04918 5.60656 0.00894952
-2.85246 5.60656 0.00835068
-2.65574 5.60656 0.00804364
-2.45902 5.60656 0.00822533
-2.2623 5.60656 0.00909211
-2.06557 5.60656 0.0108276
-1.86885 5.60656 0.0135807
-1.67213 5.60656 0.0174354
-1.47541 5.60656 0.0223806
-1.27869 5.60656 0.02829
-1.08197 5.60656 0.0349227
-0.885246 5.60656 0.0419466
-0.688525 5.60656 0.0489781
-0.491803 5.60656 0.0556285
-0.295082 5.60656 0.0615421
-0.0983607 5.60656 0.0664184
0.0983607 5.60656 0.0715342
0.295082 5.60656 0.0737229
0.491803 5.60656 0.0741371
0.688525 5.60656 0.0727456
0.885246 5.60656 0.0696675
1.08197 5.60656 0.0651648
1.27869 5.60656 0.0596084
1.47541 5.60656 0.0534223
1.67213 5.60656 0.0470231
1.86885 5.60656 0.0407676
2.06557 5.60656 0.034922
2.2623 5.60656 0.0296541
2.45902 5.60656 0.0250456
2.65574 5.60656 0.0211143
2.85246 5.60656 0.0178391
3.04918 5.60656 0.0151791
3.2459 5.60656 0.0130872
3.44262 5.60656 0.0115183
3.63934 5.60656 0.0104351
3.83607 5.60656 0.00981274
4.03279 5.60656 0.00964446
4.22951 5.60656 0.00994591
4.42623 5.60656 0.0107579
4.62295 5.60656 0.0121449
4.81967 5.60656 0.0141861
5.01639 5.60656 0.0169592
5.21311 5.60656 0.0205139
5.40984 5.60656 0.0248409
5.60656 5.60656 0.0298439
5.80328 5.60656 0.0353242
-6 5.80328 0.000111224
-5.80328 5.80328 0.00027196
-5.60656 5.80328 0.000623417
-5.40984 5.80328 0.00119287
-5.21311 5.80328 0.00199413
-5.01639 5.80328 0.00302073
-4.81967 5.80328 0.00423864
-4.62295 5.80328 0.00558275
-4.42623 5.80328 0.00696076
-4.22951 5.80328 0.00826584
-4.03279 5.80328 0.00939548
-3.83607 5.80328 0.0102708
-3.63934 5.80328 0.0108505
-3.44262 5.80328 0.0111346
-3.2459 5.80328 0.0111603
-3.04918 5.80328 0.0109927
-2.85246 5.80328 0.010717
-2.65574 5.80328 0.0104365
-2.45902 5.80328 0.0102749
-2.2623 5.80328 0.0103783
-2.06557 5.80328 0.0109107
-1.86885 5.80328 0.0120366
-1.67213 5.80328 0.0138944
-1.47541 5.80328 0.0165648
-1.27869 5.80328 0.0200475
-1.08197 5.80328 0.0242521
-0.885246 5.80328 0.0290092
-0.688525 5.80328 0.0340958
-0.491803 5.80328 0.0392661
-0.295082 5.80328 0.0442769
-0.0983607 5.80328 0.0489007
0.0983607 5.80328 0.0533623
0.295082 5.80328 0.0565978
0.491803 5.80328 0.0587677
0.688525 5.80328 0.0597648
0.885246 5.80328 0.0595905
1.08197 5.80328 0.0583554
1.27869 5.80328 0.056255
1.47541 5.80328 0.0535286
1.67213 5.80328 0.0504133
1.86885 5.80328 0.0471071
2.06557 5.80328 0.0437514
2.2623 5.80328 0.040433
2.45902 5.80328 0.0372022
2.65574 5.80328 0.0340945
2.85246 5.80328 0.0311489
3.04918 5.80328 0.028417
3.2459 5.80328 0.025962
3.44262 5.80328 0.0238511
3.63934 5.80328 0.0221481
3.83607 5.80328 0.0209077
4.03279 5.80328 0.0201746
4.22951 5.80328 0.0199864
4.42623 5.80328 0.0203762
4.62295 5.80328 0.0213736
4.81967 5.80328 0.0230007
5.01639 5.80328 0.0252619
5.21311 5.80328 0.0281295
5.40984 5.80328 0.0315279
5.60656 5.80328 0.0353242
5.80328 5.80328 0.0393296
