0 7.81597e-14 2.78778 1.30677 -0.138641
20 1.02009e-11 2.73518 1.28212 -0.0903757
40 1.18665e-11 3.09128 1.44904 -0.421952
60 1.51554e-11 2.57623 1.20761 0.0577722
80 2.05873e-11 2.49803 1.17095 0.135598
100 1.39883e-11 3.26226 1.52918 -0.575989
120 1.71736e-11 3.22786 1.51306 -0.542219
140 1.79355e-11 3.30713 1.55022 -0.617988
160 1.72541e-11 3.34597 1.56843 -0.651288
180 1.86065e-11 3.20435 1.50204 -0.490913
200 1.7869e-11 3.01817 1.41477 -0.316385
220 2.20657e-11 3.26399 1.53 -0.53662
240 2.77802e-11 3.11886 1.46197 -0.39693
260 2.4939e-11 3.43897 1.61202 -0.699968
280 2.78619e-11 3.2611 1.52864 -0.529412
300 2.89042e-11 3.23317 1.51555 -0.49805
320 2.69381e-11 3.24183 1.51961 -0.506414
340 2.47655e-11 3.24597 1.52155 -0.504087
360 2.37999e-11 3.55106 1.66456 -0.790133
380 2.53488e-11 3.21563 1.50733 -0.473265
400 1.9738e-11 3.54823 1.66323 -0.784169
420 2.2245e-11 3.40313 1.59522 -0.634521
440 2.2897e-11 3.31528 1.55404 -0.548561
460 2.62062e-11 3.27593 1.53559 -0.523403
480 3.07546e-11 3.32976 1.56083 -0.559681
500 2.74931e-11 3.20652 1.50306 -0.434201
520 2.89609e-11 3.25663 1.52654 -0.490764
540 2.38503e-11 3.26609 1.53098 -0.497742
560 2.75012e-11 3.44191 1.6134 -0.661996
580 2.54947e-11 3.35026 1.57043 -0.573251
600 2.28856e-11 3.18332 1.49218 -0.416237
620 2.64743e-11 3.46755 1.62541 -0.683809
640 2.98513e-11 3.4723 1.62764 -0.685945
660 2.73138e-11 2.84062 1.33154 -0.0862122
680 2.62872e-11 3.26232 1.52921 -0.492161
700 2.83697e-11 3.36495 1.57732 -0.570061
720 2.79002e-11 2.95144 1.38349 -0.174041
740 3.37378e-11 3.48293 1.63263 -0.677159
760 3.12215e-11 2.867 1.3439 -0.0865786
780 3.04086e-11 3.27859 1.53684 -0.44317
800 3.25822e-11 3.50841 1.64456 -0.652446
820 3.18195e-11 3.44401 1.61438 -0.591183
840 3.52224e-11 3.1176 1.46138 -0.285704
860 3.78755e-11 3.49245 1.63709 -0.636707
880 4.02018e-11 3.25384 1.52524 -0.416212
900 4.15907e-11 3.35157 1.57105 -0.505298
920 3.94605e-11 3.45137 1.61783 -0.591766
940 3.663e-11 3.24232 1.51984 -0.402072
960 3.40138e-11 2.79253 1.309 0.0268078
980 3.93653e-11 3.2087 1.50408 -0.397353
1000 3.64288e-11 3.3031 1.54833 -0.474347
1020 3.95834e-11 3.5238 1.65178 -0.681769
1040 3.73089e-11 3.33712 1.56427 -0.505633
1060 4.43131e-11 3.3116 1.55231 -0.489401
1080 4.26776e-11 3.33516 1.56336 -0.528784
1100 4.85883e-11 3.37257 1.58089 -0.557618
1120 4.33101e-11 3.42501 1.60547 -0.607505
1140 3.97038e-11 3.75118 1.75837 -0.908258
1160 4.06353e-11 3.22695 1.51263 -0.423184
1180 4.82471e-11 3.40108 1.59426 -0.583409
1200 4.63753e-11 2.9896 1.40137 -0.182902
1220 4.94729e-11 3.28611 1.54036 -0.469363
1240 5.03657e-11 3.33968 1.56547 -0.521308
1260 4.18513e-11 3.33427 1.56294 -0.535086
1280 3.80551e-11 3.27764 1.53639 -0.460326
1300 3.44618e-11 3.29247 1.54335 -0.472728
1320 3.58173e-11 3.1351 1.46958 -0.32034
1340 4.08945e-11 3.02598 1.41843 -0.218767
1360 3.94634e-11 3.60543 1.69005 -0.766442
1380 4.17048e-11 2.98706 1.40018 -0.194334
1400 3.90708e-11 3.07257 1.44027 -0.276344
1420 4.25681e-11 3.34966 1.57015 -0.534535
1440 4.05845e-11 3.37107 1.58019 -0.556012
1460 4.3592e-11 3.1054 1.45566 -0.319277
1480 4.30068e-11 3.32601 1.55907 -0.518586
1500 4.08694e-11 3.31298 1.55296 -0.531884
1520 4.39367e-11 3.2382 1.5179 -0.461488
1540 5.04547e-11 3.07739 1.44253 -0.313762
1560 4.77747e-11 3.23536 1.51657 -0.463415
1580 5.02815e-11 3.17086 1.48634 -0.411408
1600 5.74237e-11 3.11498 1.46014 -0.36091
1620 5.57432e-11 3.21708 1.50801 -0.45468
1640 5.46579e-11 3.38655 1.58745 -0.612064
1660 5.60028e-11 3.39908 1.59332 -0.624483
1680 5.04919e-11 3.17045 1.48615 -0.411537
1700 4.65144e-11 3.37809 1.58348 -0.601306
1720 4.40029e-11 3.42091 1.60355 -0.641119
1740 5.44519e-11 3.0378 1.42397 -0.283684
1760 5.72762e-11 3.18152 1.49134 -0.401403
1780 5.74778e-11 3.16528 1.48372 -0.382856
1800 6.04816e-11 3.07476 1.44129 -0.304558
1820 6.29675e-11 3.43021 1.60791 -0.641898
1840 6.48439e-11 3.28503 1.53986 -0.500084
1860 6.80854e-11 3.35668 1.57345 -0.565883
1880 7.32673e-11 3.24485 1.52102 -0.467231
1900 7.04142e-11 3.38604 1.5872 -0.597805
1920 7.00186e-11 3.28177 1.53833 -0.503049
1940 6.79455e-11 3.39491 1.59136 -0.609201
1960 6.74987e-11 3.39924 1.59339 -0.611453
1980 6.85935e-11 3.51049 1.64554 -0.694147
2000 6.7201e-11 3.53359 1.65637 -0.71692
2020 6.89821e-11 3.3726 1.58091 -0.566419
2040 6.65196e-11 3.23315 1.51554 -0.448806
2060 6.02994e-11 3.37916 1.58398 -0.574567
2080 6.02933e-11 3.24712 1.52209 -0.443358
2100 5.72724e-11 3.26715 1.53147 -0.469466
2120 5.58655e-11 3.16762 1.48482 -0.370626
2140 5.51931e-11 3.5223 1.65108 -0.702948
2160 5.47283e-11 3.54736 1.66283 -0.728832
2180 5.30569e-11 3.11837 1.46174 -0.321428
2200 5.34421e-11 3.35306 1.57175 -0.540499
2220 5.57949e-11 3.34344 1.56724 -0.534448
2240 5.45221e-11 3.39052 1.58931 -0.584197
2260 5.0385e-11 3.30689 1.5501 -0.500771
2280 5.21224e-11 2.87592 1.34809 -0.107059
2300 5.43257e-11 3.34365 1.56734 -0.543262
2320 6.10541e-11 3.40116 1.5943 -0.5894
2340 5.31632e-11 3.49469 1.63814 -0.6796
2360 5.70895e-11 2.96834 1.39141 -0.183385
2380 5.42929e-11 3.21486 1.50696 -0.420036
2400 5.63538e-11 3.26334 1.52969 -0.466296
2420 5.12334e-11 3.36307 1.57644 -0.559306
2440 5.27683e-11 3.37342 1.58129 -0.568962
2460 5.32803e-11 3.35963 1.57483 -0.555754
2480 5.0509e-11 3.51821 1.64916 -0.703212
2500 4.63148e-11 3.49531 1.63843 -0.683582
2520 4.7659e-11 3.00889 1.41042 -0.224815
2540 5.13122e-11 3.02695 1.41888 -0.240331
2560 5.11797e-11 3.3686 1.57903 -0.571084
2580 5.02083e-11 3.26456 1.53026 -0.47337
2600 5.82843e-11 3.3234 1.55784 -0.525107
2620 6.26487e-11 3.08961 1.44825 -0.304517
2640 6.04358e-11 3.21417 1.50664 -0.42224
2660 5.84191e-11 3.21694 1.50794 -0.424186
2680 5.69393e-11 3.38885 1.58852 -0.583453
2700 5.50613e-11 3.34918 1.56993 -0.547047
2720 5.5194e-11 3.12909 1.46676 -0.336781
2740 6.02778e-11 3.1602 1.48135 -0.402231
2760 6.16085e-11 3.12147 1.46319 -0.351667
2780 6.29593e-11 3.39723 1.59245 -0.614623
2800 6.53032e-11 2.85867 1.34 -0.0988803
2820 6.48357e-11 3.32579 1.55896 -0.544985
2840 6.80893e-11 3.57833 1.67734 -0.788917
2860 6.39492e-11 3.36746 1.5785 -0.594194
2880 6.12006e-11 3.11856 1.46182 -0.354183
2900 6.76766e-11 3.19994 1.49997 -0.431188
2920 6.81483e-11 3.28296 1.53889 -0.508885
2940 6.74894e-11 3.1236 1.46419 -0.361536
2960 6.39731e-11 3.34953 1.57009 -0.571799
2980 6.79641e-11 3.24805 1.52252 -0.48199
3000 6.98891e-11 3.37186 1.58056 -0.600887
3020 6.45973e-11 2.90273 1.36066 -0.150295
3040 6.62101e-11 3.11033 1.45797 -0.346441
3060 6.61458e-11 2.72914 1.27928 0.000402832
3080 5.84836e-11 3.45661 1.62029 -0.664144
3100 5.63061e-11 3.1625 1.48242 -0.389725
3120 5.16056e-11 3.0997 1.45298 -0.332844
3140 4.76285e-11 2.84487 1.33353 -0.0955758
3160 4.90441e-11 3.33093 1.56138 -0.552652
3180 4.53039e-11 3.35315 1.57179 -0.570335
3200 4.50961e-11 2.84241 1.33238 -0.103337
3220 5.35178e-11 2.78545 1.30568 -0.0245622
3240 5.51958e-11 3.20726 1.5034 -0.427383
3260 5.93625e-11 2.79978 1.3124 -0.0398601
3280 6.1441e-11 2.25483 1.05695 0.49795
3300 5.38852e-11 3.33424 1.56292 -0.52676
3320 5.09133e-11 3.27308 1.53426 -0.474255
3340 4.85586e-11 3.13401 1.46907 -0.343295
3360 5.18905e-11 3.02829 1.41951 -0.248942
3380 5.49824e-11 3.24243 1.51989 -0.452857
3400 5.54954e-11 3.27748 1.53632 -0.487298
3420 5.65399e-11 3.37383 1.58148 -0.586008
3440 6.04053e-11 3.35043 1.57052 -0.559815
3460 6.78076e-11 3.32914 1.56053 -0.540149
3480 6.13646e-11 3.16928 1.4856 -0.401902
3500 6.25382e-11 3.27583 1.53555 -0.490892
3520 6.46192e-11 2.97345 1.3938 -0.208819
3540 6.51095e-11 3.19103 1.4958 -0.411141
3560 6.56164e-11 3.0919 1.44933 -0.31826
3580 6.80417e-11 3.19997 1.49999 -0.422049
3600 6.49747e-11 3.20823 1.50386 -0.434463
3620 6.42116e-11 3.45996 1.62186 -0.662993
3640 6.74815e-11 2.98249 1.39804 -0.216822
3660 6.99396e-11 3.40619 1.59665 -0.61109
3680 6.10078e-11 3.31026 1.55168 -0.528058
3700 6.09702e-11 3.15981 1.48116 -0.382641
3720 5.60052e-11 3.32604 1.55908 -0.539606
3740 6.48683e-11 3.36135 1.57563 -0.573237
3760 6.01132e-11 3.5526 1.66528 -0.75105
3780 5.6581e-11 3.33517 1.56336 -0.544483
3800 6.26706e-11 3.2256 1.512 -0.44401
3820 6.30907e-11 3.35226 1.57137 -0.551316
3840 6.3658e-11 3.29541 1.54472 -0.499264
3860 6.69869e-11 3.25684 1.52664 -0.468095
3880 6.34468e-11 3.30678 1.55005 -0.496498
3900 5.75788e-11 3.43149 1.60851 -0.612551
3920 5.30623e-11 2.96206 1.38847 -0.176313
3940 5.41245e-11 3.5178 1.64897 -0.700776
3960 5.23685e-11 3.36305 1.57643 -0.559291
3980 5.34122e-11 3.2663 1.53108 -0.48439
4000 5.18579e-11 3.29025 1.54231 -0.489746
4020 5.30078e-11 3.19885 1.49946 -0.40516
4040 5.75582e-11 3.40681 1.59694 -0.603602
4060 6.09974e-11 3.33793 1.56465 -0.523714
4080 6.07198e-11 3.36596 1.5778 -0.551527
4100 6.22319e-11 3.294 1.54406 -0.482503
4120 6.13234e-11 3.44505 1.61487 -0.629854
4140 5.34724e-11 2.90844 1.36333 -0.120212
4160 5.28429e-11 3.39464 1.59124 -0.581413
4180 5.48631e-11 2.89632 1.35765 -0.144736
4200 6.38881e-11 3.27406 1.53472 -0.459508
4220 6.70384e-11 3.34972 1.57018 -0.533472
4240 7.11126e-11 3.0924 1.44956 -0.291594
4260 6.83604e-11 3.29828 1.54607 -0.48746
4280 6.98369e-11 3.28293 1.53887 -0.473191
4300 7.5352e-11 3.44981 1.6171 -0.631077
4320 7.71724e-11 3.34103 1.56611 -0.539285
4340 8.21712e-11 3.11752 1.46134 -0.316063
4360 8.42457e-11 3.42032 1.60327 -0.601384
4380 9.07824e-11 3.31994 1.55622 -0.512408
4400 9.39395e-11 3.27409 1.53473 -0.467052
4420 8.94513e-11 3.41882 1.60257 -0.603785
4440 8.91621e-11 3.16844 1.48521 -0.380999
4460 8.55436e-11 3.36918 1.5793 -0.560277
4480 8.22961e-11 3.17102 1.48642 -0.374955
4500 7.91361e-11 3.08322 1.44526 -0.290963
4520 8.57205e-11 3.25929 1.52779 -0.456666
4540 9.35454e-11 3.22069 1.5097 -0.428048
4560 9.48418e-11 3.28339 1.53909 -0.474651
4580 9.93429e-11 3.51372 1.64705 -0.690687
4600 1.02924e-10 2.84576 1.33395 -0.057187
4620 1.045e-10 3.12094 1.46294 -0.313479
4640 1.04432e-10 3.37606 1.58253 -0.558462
4660 9.61496e-11 3.45505 1.61956 -0.630911
4680 1.03785e-10 3.31865 1.55562 -0.500767
4700 1.01926e-10 3.4693 1.62624 -0.641391
4720 1.01647e-10 3.42391 1.60496 -0.60784
4740 1.02078e-10 3.52501 1.65235 -0.704399
4760 1.01192e-10 3.33462 1.5631 -0.52549
4780 1.02903e-10 3.10681 1.45632 -0.313445
4800 1.0041e-10 3.2658 1.53084 -0.464993
4820 1.00439e-10 3.39243 1.5902 -0.585619
4840 9.8331e-11 3.33512 1.56334 -0.542479
4860 9.55051e-11 3.24341 1.52035 -0.439536
4880 9.15238e-11 3.4735 1.6282 -0.650101
4900 8.65187e-11 3.30093 1.54731 -0.490325
4920 8.72531e-11 3.31523 1.55401 -0.506019
4940 8.4103e-11 3.27002 1.53282 -0.472895
4960 8.30764e-11 3.26763 1.5317 -0.467161
4980 8.65963e-11 3.3995 1.59351 -0.588184
5000 8.69664e-11 3.43034 1.60797 -0.62057
5020 8.64061e-11 3.18007 1.49066 -0.399006
5040 8.75949e-11 3.24699 1.52203 -0.457517
5060 8.67102e-11 3.28375 1.53926 -0.49908
5080 8.67597e-11 2.24488 1.05229 0.538783
5100 8.51568e-11 2.55752 1.19884 0.198999
5120 8.41829e-11 3.15448 1.47866 -0.371568
5140 7.94328e-11 3.2893 1.54186 -0.499318
5160 8.07965e-11 3.35536 1.57282 -0.55725
5180 8.14038e-11 3.12445 1.46459 -0.340487
5200 8.25619e-11 3.38002 1.58438 -0.57133
5220 8.04448e-11 3.23065 1.51437 -0.417682
5240 7.59441e-11 3.37062 1.57998 -0.55187
5260 7.92311e-11 2.88772 1.35362 -0.0945063
5280 8.9514e-11 3.33357 1.56261 -0.520355
5300 9.0342e-11 3.40064 1.59405 -0.583661
5320 9.11373e-11 3.20702 1.50329 -0.399076
5340 9.09334e-11 3.15151 1.47727 -0.344633
5360 9.18049e-11 3.36725 1.5784 -0.553769
5380 9.29589e-11 3.02078 1.41599 -0.235682
5400 9.84076e-11 3.56531 1.67124 -0.735452
5420 9.82839e-11 3.15971 1.48111 -0.331675
5440 1.01262e-10 3.41629 1.60138 -0.554502
5460 9.91837e-11 3.15744 1.48005 -0.316286
5480 9.71269e-11 3.36719 1.57837 -0.511363
5500 9.8654e-11 3.34278 1.56693 -0.485003
5520 9.54781e-11 3.51612 1.64818 -0.647677
5540 9.42744e-11 3.44174 1.61332 -0.558441
5560 9.61325e-11 2.75258 1.29027 0.10862
5580 9.34318e-11 3.39319 1.59056 -0.508964
5600 8.85055e-11 3.60666 1.69062 -0.709208
5620 9.21326e-11 3.37674 1.58285 -0.490844
5640 9.4147e-11 3.25384 1.52524 -0.376595
5660 9.01675e-11 3.7377 1.75205 -0.840576
5680 9.50528e-11 3.73437 1.75048 -0.827131
5700 9.49644e-11 3.3711 1.5802 -0.495294
5720 9.92435e-11 3.2897 1.54205 -0.420504
5740 9.6833e-11 3.2219 1.51027 -0.351666
5760 9.71516e-11 3.48725 1.63465 -0.600423
5780 9.97303e-11 3.5438 1.66116 -0.656116
5800 1.01108e-10 3.45476 1.61942 -0.570404
5820 9.40646e-11 3.47579 1.62928 -0.586749
5840 9.06626e-11 3.48589 1.63401 -0.596966
5860 8.55583e-11 3.28975 1.54207 -0.405753
5880 8.39111e-11 3.22386 1.51118 -0.340686
5900 8.30181e-11 2.81909 1.32145 0.036347
5920 8.33827e-11 3.45093 1.61762 -0.555401
5940 8.51886e-11 3.66132 1.71624 -0.746331
5960 8.88884e-11 3.14606 1.47472 -0.263006
5980 8.53235e-11 3.18437 1.49267 -0.307144
6000 8.35719e-11 3.59918 1.68712 -0.691787
6020 8.74688e-11 3.35416 1.57226 -0.461578
6040 8.92282e-11 3.43626 1.61075 -0.540897
6060 8.79876e-11 3.36661 1.5781 -0.478148
6080 9.21151e-11 2.33208 1.09316 0.532972
6100 9.24713e-11 3.0599 1.43433 -0.190722
6120 8.97484e-11 3.09267 1.44969 -0.215583
6140 8.28878e-11 3.39509 1.59145 -0.499975
6160 8.53055e-11 3.51385 1.64712 -0.612109
6180 8.11245e-11 3.01966 1.41546 -0.147812
6200 8.84296e-11 3.41913 1.60272 -0.525376
6220 8.67899e-11 3.38141 1.58504 -0.486918
6240 9.37885e-11 3.56136 1.66939 -0.65067
6260 9.67779e-11 3.47517 1.62899 -0.570409
6280 9.68617e-11 3.31599 1.55437 -0.432632
6300 9.97418e-11 3.60223 1.68855 -0.697702
6320 9.34622e-11 3.20281 1.50132 -0.300167
6340 9.77183e-11 3.4704 1.62675 -0.555766
6360 8.78165e-11 3.42071 1.60346 -0.503521
6380 8.86197e-11 3.42489 1.60542 -0.513641
6400 9.22198e-11 3.62528 1.69935 -0.701199
6420 9.54938e-11 3.39278 1.59037 -0.476982
6440 8.99717e-11 3.3878 1.58803 -0.475635
6460 8.95061e-11 3.5246 1.65216 -0.60593
6480 9.3306e-11 3.3522 1.57134 -0.446383
6500 8.96998e-11 3.35876 1.57442 -0.445086
6520 8.96999e-11 3.39483 1.59133 -0.477711
6540 9.19695e-11 3.28419 1.53946 -0.376643
6560 8.97672e-11 3.29965 1.54671 -0.385969
6580 9.60527e-11 3.35025 1.57043 -0.439209
6600 9.55668e-11 3.21647 1.50772 -0.312577
6620 1.0233e-10 3.34375 1.56738 -0.43671
6640 1.00859e-10 3.35702 1.5736 -0.455535
6660 9.74547e-11 3.22178 1.51021 -0.335154
6680 9.9242e-11 3.36623 1.57792 -0.459788
6700 9.46448e-11 3.25022 1.52354 -0.357403
6720 9.83047e-11 3.39353 1.59072 -0.486499
6740 9.65116e-11 3.1254 1.46503 -0.23014
6760 9.84668e-11 3.4349 1.61011 -0.526931
6780 1.00865e-10 3.14253 1.47306 -0.255777
6800 9.8628e-11 3.07315 1.44054 -0.192738
6820 9.78203e-11 3.38075 1.58473 -0.479765
6840 9.54481e-11 3.44867 1.61656 -0.549607
6860 9.67685e-11 3.31617 1.55446 -0.418856
6880 9.91957e-11 3.08261 1.44497 -0.205824
6900 9.47698e-11 3.65272 1.71221 -0.732741
6920 9.25107e-11 3.51049 1.64554 -0.593192
6940 9.49081e-11 3.37215 1.5807 -0.463686
6960 9.69263e-11 3.39626 1.592 -0.485186
6980 9.48171e-11 3.48651 1.6343 -0.580522
7000 9.92928e-11 3.35968 1.57485 -0.456177
7020 1.02814e-10 3.40538 1.59627 -0.496635
7040 1.01482e-10 3.50408 1.64254 -0.59675
7060 9.95907e-11 3.47101 1.62704 -0.560516
7080 9.97413e-11 3.3432 1.56713 -0.44654
7100 1.02818e-10 2.81789 1.32088 0.0802067
7120 1.04661e-10 3.53989 1.65932 -0.62819
7140 1.05028e-10 3.20043 1.5002 -0.321194
7160 1.10573e-10 3.65665 1.71405 -0.735529
7180 1.11596e-10 3.27271 1.53408 -0.383299
7200 1.17232e-10 3.39494 1.59138 -0.484868
7220 1.11802e-10 3.68072 1.72534 -0.736671
7240 1.16488e-10 3.14938 1.47627 -0.26289
7260 1.15743e-10 3.35332 1.57187 -0.446773
7280 1.16567e-10 2.93857 1.37746 -0.0779261
7300 1.14641e-10 3.36919 1.57931 -0.485609
7320 1.18101e-10 3.42784 1.6068 -0.535753
7340 1.22092e-10 3.63067 1.70188 -0.727448
7360 1.24356e-10 3.47321 1.62807 -0.579849
7380 1.26858e-10 3.37149 1.58039 -0.480671
7400 1.19462e-10 3.44746 1.616 -0.551487
7420 1.22938e-10 2.6597 1.24673 0.193541
7440 1.25822e-10 3.27294 1.53419 -0.383302
7460 1.23996e-10 2.55996 1.19998 0.278674
7480 1.28572e-10 3.34867 1.56969 -0.455555
7500 1.34285e-10 3.36618 1.5779 -0.480874
7520 1.36482e-10 3.51035 1.64548 -0.602267
7540 1.37577e-10 3.55321 1.66557 -0.645485
7560 1.38104e-10 3.35987 1.57494 -0.461651
7580 1.40912e-10 3.51422 1.64729 -0.605764
7600 1.43146e-10 3.19453 1.49743 -0.304019
7620 1.43626e-10 3.34932 1.56999 -0.444889
7640 1.43476e-10 3.28074 1.53785 -0.392531
7660 1.41402e-10 3.62471 1.69908 -0.71305
7680 1.37252e-10 3.12767 1.46609 -0.228731
7700 1.36353e-10 3.71552 1.74165 -0.791151
7720 1.38962e-10 3.38865 1.58843 -0.482523
7740 1.41016e-10 3.36302 1.57642 -0.464596
7760 1.39052e-10 3.43045 1.60803 -0.522892
7780 1.32017e-10 3.18039 1.49081 -0.318435
7800 1.32822e-10 2.93404 1.37533 -0.0353736
7820 1.40581e-10 3.37495 1.58201 -0.465173
7840 1.37718e-10 3.48595 1.63404 -0.571506
7860 1.45632e-10 3.45044 1.61739 -0.534817
7880 1.4141e-10 2.83974 1.33113 0.0556382
7900 1.42288e-10 3.07902 1.44329 -0.168236
7920 1.34361e-10 3.63501 1.70391 -0.699001
7940 1.35695e-10 3.16655 1.48432 -0.248156
7960 1.37825e-10 3.32542 1.55879 -0.403023
7980 1.36487e-10 3.13371 1.46893 -0.219495
8000 1.31841e-10 3.28125 1.53809 -0.375414
8020 1.32267e-10 3.49903 1.64017 -0.567222
8040 1.32293e-10 3.57447 1.67553 -0.638917
8060 1.29556e-10 3.26096 1.52858 -0.3442
8080 1.27174e-10 3.62423 1.69886 -0.690035
8100 1.33242e-10 3.66044 1.71583 -0.722887
8120 1.3647e-10 3.65197 1.71186 -0.714637
8140 1.36592e-10 3.42259 1.60434 -0.49783
8160 1.36058e-10 3.64628 1.7092 -0.691147
8180 1.37686e-10 3.44674 1.61566 -0.508221
8200 1.3832e-10 3.55015 1.66413 -0.600458
8220 1.39927e-10 3.66986 1.72025 -0.713468
8240 1.44449e-10 3.29172 1.54299 -0.352302
8260 1.4099e-10 3.35276 1.57161 -0.42363
8280 1.41669e-10 3.52171 1.6508 -0.57001
8300 1.42632e-10 3.65437 1.71299 -0.690684
8320 1.35909e-10 3.73627 1.75138 -0.765247
8340 1.41109e-10 3.35547 1.57288 -0.410347
8360 1.41163e-10 3.44372 1.61424 -0.486956
8380 1.42411e-10 3.68015 1.72507 -0.70778
8400 1.43006e-10 3.38803 1.58814 -0.414211
8420 1.43338e-10 3.61127 1.69278 -0.629241
8440 1.41115e-10 3.45933 1.62156 -0.493338
8460 1.46511e-10 3.37019 1.57978 -0.412047
8480 1.46977e-10 3.14475 1.4741 -0.208671
8500 1.47609e-10 2.84069 1.33157 0.1134
8520 1.53065e-10 3.64844 1.71021 -0.672855
8540 1.4468e-10 3.5119 1.6462 -0.541607
8560 1.53857e-10 3.61657 1.69527 -0.642166
8580 1.47172e-10 3.04334 1.42657 -0.0928553
8600 1.51503e-10 3.36923 1.57933 -0.409875
8620 1.54672e-10 3.68328 1.72654 -0.691527
8640 1.60378e-10 3.49761 1.6395 -0.500578
8660 1.5192e-10 3.4399 1.61245 -0.444253
8680 1.49672e-10 3.33585 1.56368 -0.346533
8700 1.53721e-10 3.36292 1.57637 -0.374611
8720 1.47986e-10 3.35529 1.57279 -0.379753
8740 1.41259e-10 3.64799 1.70999 -0.638278
8760 1.42975e-10 3.84423 1.80198 -0.82426
8780 1.4554e-10 3.06745 1.43787 -0.088954
8800 1.44514e-10 3.45307 1.61863 -0.453757
8820 1.44157e-10 3.71914 1.74335 -0.70631
8840 1.3951e-10 3.30127 1.54747 -0.332593
8860 1.40892e-10 3.53509 1.65707 -0.546065
8880 1.4164e-10 3.68782 1.72867 -0.683727
8900 1.44575e-10 3.53956 1.65917 -0.544495
8920 1.41401e-10 3.38995 1.58904 -0.401008
8940 1.45181e-10 3.51576 1.64801 -0.521356
8960 1.44254e-10 3.6932 1.73119 -0.690277
8980 1.50115e-10 3.53988 1.65932 -0.544471
9000 1.50953e-10 3.00117 1.4068 -0.0556043
9020 1.52805e-10 3.34945 1.57005 -0.363945
9040 1.49296e-10 3.41559 1.60106 -0.417331
9060 1.54582e-10 3.67548 1.72288 -0.661912
9080 1.56727e-10 3.46966 1.6264 -0.471312
9100 1.59562e-10 3.59095 1.68326 -0.58307
9120 1.52614e-10 3.53986 1.65931 -0.535678
9140 1.59401e-10 3.29554 1.54478 -0.322591
9160 1.6372e-10 3.4868 1.63444 -0.497743
9180 1.58267e-10 3.42595 1.60591 -0.433422
9200 1.64875e-10 3.57419 1.6754 -0.571287
9220 1.67852e-10 3.5423 1.66045 -0.538245
9240 1.64355e-10 3.54287 1.66072 -0.553552
9260 1.62109e-10 3.54523 1.66183 -0.549568
9280 1.64279e-10 3.49801 1.63969 -0.502576
9300 1.65961e-10 3.26841 1.53207 -0.291804
9320 1.64139e-10 2.93096 1.37389 0.0364006
9340 1.61245e-10 3.60587 1.69025 -0.597654
9360 1.57612e-10 3.28919 1.54181 -0.301666
9380 1.62438e-10 3.20524 1.50246 -0.230542
9400 1.57586e-10 3.5733 1.67498 -0.568256
9420 1.62557e-10 3.22175 1.5102 -0.241695
9440 1.63543e-10 3.00538 1.40877 -0.0404934
9460 1.63735e-10 3.40601 1.59657 -0.435839
9480 1.67831e-10 3.47121 1.62713 -0.481081
9500 1.72443e-10 3.39781 1.59272 -0.418216
9520 1.70947e-10 3.48503 1.63361 -0.499056
9540 1.68479e-10 3.50247 1.64178 -0.513906
9560 1.66976e-10 3.36906 1.57925 -0.390279
9580 1.60771e-10 3.45573 1.61987 -0.540297
9600 1.61999e-10 3.44109 1.61301 -0.509414
9620 1.6565e-10 3.57037 1.67361 -0.629376
9640 1.58424e-10 3.05951 1.43415 -0.166162
9660 1.60772e-10 3.3335 1.56258 -0.400804
9680 1.65773e-10 3.4093 1.59811 -0.469652
9700 1.62161e-10 3.06477 1.43661 -0.142074
9720 1.62575e-10 3.56011 1.6688 -0.603362
9740 1.65214e-10 3.43233 1.6089 -0.478549
9760 1.67689e-10 3.33672 1.56409 -0.3894
9780 1.68029e-10 3.44893 1.61669 -0.496122
9800 1.64639e-10 3.63081 1.70194 -0.655508
9820 1.61816e-10 3.39546 1.59162 -0.443126
9840 1.62285e-10 3.30281 1.54819 -0.350895
9860 1.66211e-10 3.33241 1.56207 -0.39925
9880 1.68342e-10 3.51859 1.64934 -0.556758
9900 1.6375e-10 3.45753 1.62072 -0.498828
9920 1.59253e-10 3.58623 1.68105 -0.617742
9940 1.57986e-10 3.57666 1.67656 -0.607212
9960 1.56032e-10 3.39103 1.58954 -0.433852
9980 1.59188e-10 3.47194 1.62747 -0.511907
10000 1.59891e-10 3.50509 1.64301 -0.542796
10020 1.63323e-10 3.64308 1.70769 -0.67403
10040 1.6197e-10 3.55085 1.66446 -0.590723
10060 1.6423e-10 3.44548 1.61507 -0.495135
10080 1.65962e-10 3.78646 1.7749 -0.818673
10100 1.61448e-10 3.54344 1.66099 -0.584624
10120 1.60964e-10 3.21024 1.5048 -0.275018
10140 1.65555e-10 3.54128 1.65997 -0.582848
10160 1.67425e-10 3.33867 1.565 -0.394222
10180 1.65116e-10 3.66725 1.71902 -0.703888
10200 1.6013e-10 3.46344 1.62349 -0.516053
10220 1.51516e-10 3.48038 1.63143 -0.531882
10240 1.49586e-10 3.6359 1.70433 -0.641476
10260 1.49112e-10 3.69639 1.73268 -0.696732
10280 1.45675e-10 3.59323 1.68433 -0.598997
10300 1.50106e-10 3.38748 1.58788 -0.41504
10320 1.51145e-10 3.30295 1.54826 -0.320357
10340 1.53602e-10 3.51188 1.64619 -0.52149
10360 1.54883e-10 3.57046 1.67365 -0.562349
10380 1.55726e-10 3.45352 1.61884 -0.457539
10400 1.54536e-10 3.45368 1.61891 -0.483427
10420 1.55126e-10 3.73765 1.75202 -0.724808
10440 1.49391e-10 3.36292 1.57637 -0.371801
10460 1.50052e-10 3.56206 1.66972 -0.562108
10480 1.4813e-10 3.48828 1.63513 -0.496838
10500 1.5398e-10 3.38228 1.58544 -0.399643
10520 1.46577e-10 3.17256 1.48714 -0.206628
10540 1.48226e-10 3.36458 1.57715 -0.381683
10560 1.49188e-10 3.55336 1.66564 -0.562429
10580 1.49479e-10 3.39488 1.59135 -0.413742
10600 1.52577e-10 3.43196 1.60873 -0.451484
10620 1.4474e-10 3.56214 1.66975 -0.574262
10640 1.46186e-10 3.49359 1.63762 -0.511501
10660 1.41948e-10 3.5616 1.6695 -0.576836
10680 1.42696e-10 3.31978 1.55615 -0.355352
10700 1.42786e-10 3.48336 1.63283 -0.514082
10720 1.42694e-10 3.33759 1.5645 -0.371659
10740 1.48608e-10 3.52026 1.65012 -0.553121
10760 1.49174e-10 3.45869 1.62126 -0.501849
10780 1.49155e-10 3.34737 1.56908 -0.382815
10800 1.53924e-10 3.57623 1.67636 -0.599833
10820 1.54604e-10 3.54789 1.66307 -0.582464
10840 1.52277e-10 3.59934 1.68719 -0.642074
10860 1.49761e-10 3.50218 1.64165 -0.550849
10880 1.47223e-10 3.32291 1.55761 -0.382415
10900 1.51222e-10 3.37244 1.58083 -0.427567
10920 1.53601e-10 3.37823 1.58354 -0.434109
10940 1.52647e-10 3.43621 1.61072 -0.480234
10960 1.51982e-10 3.69011 1.72974 -0.681373
10980 1.50305e-10 3.37899 1.5839 -0.389147
11000 1.49756e-10 3.10814 1.45694 -0.122274
11020 1.49568e-10 3.60347 1.68912 -0.582935
11040 1.56581e-10 3.53317 1.65617 -0.51872
11060 1.60677e-10 3.44081 1.61288 -0.45797
11080 1.63979e-10 3.33805 1.56471 -0.355683
11100 1.64693e-10 3.81716 1.78929 -0.797686
11120 1.63848e-10 3.16651 1.4843 -0.191241
11140 1.62624e-10 3.32469 1.55845 -0.330662
11160 1.69202e-10 3.03421 1.42229 -0.0643469
11180 1.63944e-10 3.72188 1.74463 -0.700387
11200 1.70129e-10 3.30294 1.54825 -0.296744
11220 1.69214e-10 3.45019 1.61728 -0.439935
11240 1.69815e-10 3.73535 1.75095 -0.704757
11260 1.71216e-10 3.42645 1.60615 -0.420029
11280 1.6766e-10 3.51065 1.64562 -0.491559
11300 1.64826e-10 2.91095 1.36451 0.0825728
11320 1.65575e-10 3.23751 1.51758 -0.247805
11340 1.68239e-10 3.67632 1.72327 -0.660848
11360 1.6635e-10 3.7311 1.74895 -0.711283
11380 1.6029e-10 3.56922 1.67307 -0.561141
11400 1.66517e-10 3.37662 1.58279 -0.379985
11420 1.66435e-10 3.78833 1.77578 -0.742094
11440 1.67451e-10 3.55395 1.66591 -0.517828
11460 1.63449e-10 3.61243 1.69333 -0.574646
11480 1.63973e-10 3.54005 1.6594 -0.507676
11500 1.6485e-10 3.12461 1.46466 -0.130252
11520 1.66612e-10 3.34684 1.56883 -0.337584
11540 1.67678e-10 3.67947 1.72475 -0.624719
11560 1.71901e-10 3.66657 1.7187 -0.603895
11580 1.70552e-10 3.5513 1.66467 -0.490465
11600 1.74013e-10 3.48311 1.63271 -0.418291
11620 1.69854e-10 3.51197 1.64624 -0.444833
11640 1.66668e-10 3.38485 1.58665 -0.341093
11660 1.67615e-10 3.56908 1.67301 -0.530732
11680 1.7356e-10 3.28405 1.5394 -0.266577
11700 1.77115e-10 3.27307 1.53425 -0.234791
11720 1.72594e-10 3.28067 1.53781 -0.248742
11740 1.64616e-10 3.61773 1.69581 -0.576277
11760 1.61443e-10 3.72304 1.74517 -0.674593
11780 1.58238e-10 3.48158 1.63199 -0.447438
11800 1.58594e-10 3.50158 1.64137 -0.461315
11820 1.61092e-10 3.52156 1.65073 -0.484055
11840 1.60183e-10 3.64766 1.70984 -0.597782
11860 1.62732e-10 3.43172 1.60862 -0.401234
11880 1.68172e-10 3.48914 1.63554 -0.444384
11900 1.73837e-10 3.42058 1.6034 -0.398366
11920 1.73009e-10 3.46499 1.62421 -0.439614
11940 1.74747e-10 3.37142 1.58035 -0.342854
11960 1.76862e-10 3.62239 1.698 -0.599937
11980 1.81967e-10 3.55716 1.66742 -0.541326
12000 1.74872e-10 3.4289 1.6073 -0.424227
12020 1.72666e-10 3.05453 1.43181 -0.0553459
12040 1.70504e-10 3.48541 1.63378 -0.503237
12060 1.73504e-10 3.28906 1.54175 -0.318851
12080 1.71099e-10 3.52973 1.65456 -0.542762
12100 1.70559e-10 3.28891 1.54168 -0.328617
12120 1.7786e-10 3.55592 1.66684 -0.577838
12140 1.78453e-10 3.55285 1.6654 -0.619677
12160 1.82564e-10 3.16305 1.48268 -0.266231
12180 1.83606e-10 3.51666 1.64844 -0.59117
12200 1.82231e-10 3.22939 1.51378 -0.33093
12220 1.84128e-10 3.38088 1.58479 -0.456106
12240 1.81102e-10 3.29311 1.54365 -0.364302
12260 1.84149e-10 3.50528 1.6431 -0.558242
12280 1.85018e-10 3.53408 1.6566 -0.584295
12300 1.8073e-10 3.46541 1.62441 -0.518606
12320 1.86405e-10 3.47669 1.6297 -0.531468
12340 1.80741e-10 3.3341 1.56286 -0.396165
12360 1.79771e-10 3.14521 1.47432 -0.221057
12380 1.86258e-10 2.7047 1.26783 0.198597
12400 1.82579e-10 2.95886 1.38696 -0.0496368
12420 1.86408e-10 3.21745 1.50818 -0.107877
12440 1.89195e-10 3.17802 1.4897 -0.104409
12460 1.88614e-10 3.70577 1.73708 -0.568758
12480 1.84551e-10 3.7801 1.77192 -0.641926
12500 1.81018e-10 3.38912 1.58865 -0.281224
12520 1.85016e-10 3.8141 1.78786 -0.679496
12540 1.81641e-10 3.29047 1.54241 -0.179485
12560 1.90156e-10 3.87196 1.81498 -0.740973
12580 1.86448e-10 3.81903 1.79017 -0.674651
12600 1.8216e-10 3.61549 1.69476 -0.481178
12620 1.85844e-10 4.00198 1.87593 -0.844232
12640 1.85412e-10 3.51337 1.64689 -0.388621
12660 1.90351e-10 3.35661 1.57341 -0.236208
12680 1.94596e-10 3.84627 1.80294 -0.702469
12700 1.90898e-10 3.39712 1.5924 -0.279345
12720 1.89402e-10 3.322 1.55719 -0.213457
12740 1.90308e-10 3.69297 1.73108 -0.561888
12760 1.90304e-10 3.59066 1.68312 -0.471307
12780 1.89941e-10 3.35528 1.57279 -0.247068
12800 1.91459e-10 3.6028 1.68881 -0.481276
12820 1.91484e-10 3.6326 1.70278 -0.519266
12840 1.87092e-10 3.49207 1.63691 -0.382358
12860 1.89446e-10 3.60559 1.69012 -0.493557
12880 1.8752e-10 3.56604 1.67158 -0.451744
12900 1.89011e-10 3.42332 1.60468 -0.350302
12920 1.91701e-10 3.93047 1.84241 -0.824593
12940 1.8952e-10 3.66043 1.71583 -0.565752
12960 1.94234e-10 3.43432 1.60984 -0.352884
12980 1.9152e-10 3.70199 1.73531 -0.604772
13000 1.88115e-10 3.63115 1.7021 -0.539843
13020 1.90514e-10 3.62771 1.70049 -0.535597
13040 1.93244e-10 3.41831 1.60233 -0.344447
13060 1.90078e-10 3.61819 1.69603 -0.529458
13080 1.89946e-10 3.56838 1.67268 -0.482424
13100 1.86834e-10 3.57342 1.67504 -0.48333
13120 1.85956e-10 3.60526 1.68996 -0.527718
13140 1.86382e-10 3.59638 1.68581 -0.513197
13160 1.85481e-10 3.48304 1.63267 -0.406446
13180 1.88261e-10 3.76779 1.76615 -0.673635
13200 1.92295e-10 3.62165 1.69765 -0.538157
13220 1.8935e-10 3.60676 1.69067 -0.515899
13240 1.84971e-10 3.40623 1.59667 -0.31671
13260 1.83296e-10 3.28766 1.54109 -0.217198
13280 1.89889e-10 3.50607 1.64347 -0.427264
13300 1.91121e-10 3.57966 1.67797 -0.484007
13320 1.95245e-10 3.79873 1.78065 -0.691908
13340 1.92527e-10 3.07744 1.44255 0.00144141
13360 1.86753e-10 3.73125 1.74902 -0.619055
13380 1.87366e-10 3.30996 1.55154 -0.22964
13400 1.89858e-10 3.44855 1.61651 -0.365138
13420 1.89051e-10 3.62352 1.69852 -0.525094
13440 1.88029e-10 3.57485 1.67571 -0.496495
13460 1.82543e-10 3.39247 1.59022 -0.31983
13480 1.88274e-10 3.38517 1.5868 -0.31075
13500 1.9398e-10 3.68158 1.72574 -0.583696
13520 1.88686e-10 3.35409 1.57223 -0.283058
13540 1.81721e-10 3.57026 1.67356 -0.486695
13560 1.83527e-10 3.64365 1.70796 -0.56673
13580 1.8138e-10 3.44013 1.61256 -0.385174
13600 1.84888e-10 3.63532 1.70406 -0.559469
13620 1.87056e-10 3.51087 1.64572 -0.439783
13640 1.88956e-10 3.52869 1.65407 -0.451812
13660 1.91447e-10 3.83536 1.79782 -0.742693
13680 1.9316e-10 3.29649 1.54523 -0.253871
13700 1.874e-10 3.71337 1.74064 -0.631066
13720 1.90398e-10 3.67783 1.72398 -0.61229
13740 1.9173e-10 3.87443 1.81614 -0.797083
13760 1.92479e-10 3.94865 1.85093 -0.858488
13780 1.93387e-10 3.58741 1.6816 -0.531322
13800 1.98881e-10 3.55445 1.66615 -0.499431
13820 1.98248e-10 3.63919 1.70587 -0.584502
13840 1.98074e-10 3.5226 1.65122 -0.477047
13860 1.95029e-10 3.69299 1.73109 -0.620655
13880 1.93246e-10 3.61744 1.69568 -0.542922
13900 1.92452e-10 3.78792 1.77559 -0.707083
13920 1.87916e-10 3.58261 1.67935 -0.520194
13940 1.87857e-10 3.5454 1.66191 -0.487408
13960 1.92051e-10 3.64132 1.70687 -0.576557
13980 1.99623e-10 3.28737 1.54095 -0.24378
14000 2.00094e-10 3.42 1.60312 -0.364293
14020 2.00899e-10 3.51879 1.64943 -0.442522
14040 1.95656e-10 3.55631 1.66702 -0.481514
14060 2.00641e-10 3.75462 1.75998 -0.666594
14080 1.98069e-10 3.30005 1.5469 -0.257354
14100 1.98556e-10 3.78156 1.77261 -0.695984
14120 1.9663e-10 3.50619 1.64353 -0.441025
14140 2.00517e-10 2.77722 1.30182 0.247848
14160 2.03073e-10 2.31881 1.08694 0.698373
14180 2.04794e-10 3.64403 1.70814 -0.565462
14200 2.01461e-10 3.64519 1.70868 -0.568016
14220 1.95911e-10 3.63343 1.70317 -0.564231
14240 1.94203e-10 3.46174 1.62269 -0.414163
14260 1.89332e-10 3.64142 1.70692 -0.579321
14280 1.84292e-10 3.72604 1.74658 -0.658434
14300 1.81214e-10 3.64828 1.71013 -0.586835
14320 1.85015e-10 3.62843 1.70083 -0.567786
14340 1.86282e-10 3.63171 1.70237 -0.573332
14360 1.8555e-10 3.62187 1.69775 -0.571927
14380 1.94475e-10 3.61428 1.69419 -0.563476
14400 1.99591e-10 3.60838 1.69143 -0.547732
14420 1.91754e-10 3.67189 1.7212 -0.566869
14440 1.90147e-10 3.59078 1.68318 -0.49167
14460 1.89402e-10 3.56056 1.66901 -0.455156
14480 1.87032e-10 3.59312 1.68428 -0.472298
14500 1.90126e-10 3.81251 1.78711 -0.676132
14520 1.87728e-10 3.72512 1.74615 -0.596299
14540 1.87425e-10 3.45819 1.62103 -0.329957
14560 1.89129e-10 3.36812 1.57881 -0.234869
14580 1.88609e-10 3.80828 1.78513 -0.651067
14600 1.88963e-10 3.4502 1.61728 -0.32215
14620 1.83181e-10 3.762 1.76344 -0.627562
14640 1.8323e-10 3.7885 1.77586 -0.653343
14660 1.85042e-10 3.76163 1.76326 -0.626221
14680 1.86981e-10 3.16143 1.48192 -0.0663203
14700 1.92631e-10 3.64143 1.70692 -0.515097
14720 1.92736e-10 3.53258 1.6559 -0.412507
14740 1.95677e-10 3.32968 1.56079 -0.200015
14760 2.00414e-10 3.08218 1.44477 0.0211821
14780 1.97917e-10 3.59536 1.68533 -0.454098
14800 1.9793e-10 3.87621 1.81697 -0.71696
14820 1.97629e-10 3.60285 1.68884 -0.461085
14840 2.03323e-10 2.96428 1.38951 0.122821
14860 1.95556e-10 3.38983 1.58898 -0.271736
14880 1.90084e-10 3.65437 1.71299 -0.509041
14900 1.89374e-10 3.64611 1.70911 -0.511123
14920 1.89827e-10 2.88963 1.35452 0.213643
14940 1.89525e-10 3.66902 1.71985 -0.520107
14960 1.95407e-10 3.56542 1.67129 -0.413143
14980 1.98044e-10 3.14061 1.47216 -0.0219128
15000 1.97425e-10 3.52556 1.65261 -0.395926
15020 1.97085e-10 3.74445 1.75521 -0.588613
15040 2.02887e-10 3.68306 1.72644 -0.528961
15060 2.05108e-10 3.6799 1.72495 -0.520885
15080 2.04183e-10 3.68235 1.7261 -0.525586
15100 1.98824e-10 3.59204 1.68377 -0.439288
15120 1.99095e-10 3.59795 1.68654 -0.459632
15140 2.00105e-10 3.68599 1.72781 -0.541831
15160 1.9224e-10 3.60097 1.68795 -0.461958
15180 1.90465e-10 3.09263 1.44967 0.00402322
15200 1.89842e-10 3.47622 1.62948 -0.384424
15220 1.9076e-10 3.79943 1.78098 -0.648526
15240 1.91531e-10 3.62748 1.70038 -0.486693
15260 1.89298e-10 3.47386 1.62837 -0.340562
15280 1.90055e-10 3.62388 1.69869 -0.484963
15300 1.9286e-10 3.60016 1.68758 -0.465429
15320 1.93004e-10 3.62162 1.69764 -0.484194
15340 1.95296e-10 3.80161 1.78201 -0.64954
15360 1.95957e-10 3.42839 1.60706 -0.303173
15380 2.0093e-10 3.5563 1.66702 -0.428753
15400 1.97833e-10 2.85098 1.3364 0.228013
15420 1.95587e-10 3.28038 1.53768 -0.185922
15440 1.94378e-10 3.35665 1.57343 -0.243638
15460 1.92168e-10 3.46664 1.62499 -0.361129
15480 1.92318e-10 3.51936 1.6497 -0.391354
15500 1.93864e-10 3.76316 1.76398 -0.621669
15520 1.97733e-10 3.73343 1.75004 -0.601439
15540 1.95889e-10 3.50326 1.64215 -0.384951
15560 1.9951e-10 3.49147 1.63663 -0.377656
15580 2.02198e-10 3.77557 1.7698 -0.664221
15600 2.03945e-10 3.54476 1.6616 -0.452783
15620 2.05395e-10 3.67201 1.72125 -0.57993
15640 2.076e-10 3.86094 1.80982 -0.753008
15660 2.09812e-10 3.42315 1.6046 -0.36827
15680 2.08581e-10 3.46848 1.62585 -0.400119
15700 2.05237e-10 3.86022 1.80948 -0.763725
15720 2.09702e-10 3.04521 1.42744 0.0182656
15740 1.99836e-10 3.96421 1.85822 -0.853585
15760 2.01234e-10 3.59367 1.68453 -0.497665
15780 2.02807e-10 3.45026 1.61731 -0.382647
15800 2.01272e-10 3.80149 1.78195 -0.667359
15820 1.99844e-10 3.46842 1.62582 -0.357733
15840 1.95391e-10 3.74948 1.75757 -0.6292
15860 1.93868e-10 3.5788 1.67756 -0.464129
15880 1.94406e-10 3.66709 1.71895 -0.543768
15900 1.88136e-10 3.50046 1.64084 -0.390959
15920 1.89084e-10 3.64931 1.71061 -0.528732
15940 1.91685e-10 3.59074 1.68316 -0.47105
15960 1.95763e-10 3.6158 1.6949 -0.499243
15980 1.9111e-10 3.5266 1.6531 -0.415103
16000 1.90034e-10 3.22998 1.51405 -0.163576
16020 1.90999e-10 3.615 1.69453 -0.499111
16040 1.86297e-10 3.70051 1.73461 -0.58143
16060 1.91488e-10 3.40985 1.59837 -0.30431
16080 1.93537e-10 3.27635 1.53579 -0.173462
16100 1.91762e-10 3.58932 1.68249 -0.483063
16120 1.9605e-10 3.67763 1.72389 -0.573683
16140 2.01426e-10 3.60191 1.68839 -0.495023
16160 1.99056e-10 3.71798 1.7428 -0.601384
16180 2.01672e-10 3.55407 1.66597 -0.45785
16200 2.01399e-10 3.68394 1.72685 -0.587491
16220 1.95151e-10 3.9143 1.83483 -0.797391
16240 1.96499e-10 3.62135 1.69751 -0.518951
16260 1.85274e-10 2.9476 1.38169 0.111772
16280 1.84557e-10 3.55411 1.66599 -0.456166
16300 1.86297e-10 3.2714 1.53347 -0.18811
16320 1.85178e-10 3.60368 1.68923 -0.512362
16340 1.81531e-10 3.46761 1.62544 -0.376787
16360 1.79017e-10 3.18993 1.49528 -0.131432
16380 1.78385e-10 3.63242 1.7027 -0.544529
16400 1.78033e-10 3.77527 1.76966 -0.684847
16420 1.7915e-10 2.99292 1.40293 0.029341
16440 1.81105e-10 3.58325 1.67965 -0.524186
16460 1.80157e-10 3.65728 1.71435 -0.596924
16480 1.84817e-10 3.25239 1.52456 -0.219296
16500 1.84515e-10 3.53249 1.65586 -0.476807
16520 1.88695e-10 3.28645 1.54052 -0.309668
16540 1.86944e-10 3.68122 1.72557 -0.633429
16560 1.98207e-10 3.75741 1.76129 -0.704233
16580 1.94292e-10 3.49542 1.63848 -0.463532
16600 1.93513e-10 3.70204 1.73533 -0.655001
16620 1.94596e-10 3.49845 1.6399 -0.475068
16640 1.947e-10 3.49847 1.63991 -0.475047
16660 1.89481e-10 3.58547 1.68069 -0.554285
16680 1.83274e-10 3.55927 1.66841 -0.528788
16700 1.83535e-10 2.59866 1.21812 0.370296
16720 1.83045e-10 3.82254 1.79181 -0.780547
16740 1.7349e-10 3.53875 1.65879 -0.510199
16760 1.78291e-10 3.38344 1.58599 -0.371352
16780 1.77567e-10 3.71878 1.74318 -0.684117
16800 1.85201e-10 3.56204 1.66971 -0.535224
16820 1.90326e-10 3.66185 1.71649 -0.623722
16840 1.90398e-10 3.44391 1.61433 -0.42147
16860 1.95705e-10 3.48026 1.63137 -0.446888
16880 1.9431e-10 2.82379 1.32365 0.165444
16900 1.90481e-10 3.56166 1.66953 -0.527606
16920 1.88852e-10 3.53221 1.65572 -0.505692
16940 1.88982e-10 3.62972 1.70143 -0.601768
16960 1.94757e-10 3.62065 1.69718 -0.594099
16980 1.92789e-10 3.46985 1.62649 -0.439933
17000 1.99268e-10 2.94806 1.3819 0.0529541
17020 1.94558e-10 3.72829 1.74764 -0.678178
17040 1.98339e-10 3.47603 1.62939 -0.43038
17060 2.00995e-10 3.67557 1.72292 -0.621626
17080 1.95823e-10 3.67739 1.72377 -0.625026
17100 1.89345e-10 3.51699 1.64859 -0.474186
17120 1.91871e-10 3.54796 1.6631 -0.503039
17140 1.87105e-10 3.19908 1.49957 -0.178956
17160 1.89202e-10 3.73092 1.74887 -0.670826
17180 1.84257e-10 3.57813 1.67725 -0.529727
17200 1.90589e-10 3.6664 1.71863 -0.613767
17220 1.87224e-10 3.55223 1.66511 -0.501655
17240 1.91622e-10 3.67693 1.72356 -0.613219
17260 1.96109e-10 3.62076 1.69723 -0.569612
17280 1.98311e-10 3.6837 1.72674 -0.621816
17300 2.02363e-10 3.31788 1.55525 -0.275998
17320 2.01455e-10 3.57655 1.67651 -0.525994
17340 1.9347e-10 3.10864 1.45717 -0.0898634
17360 1.93253e-10 3.65995 1.7156 -0.606497
17380 1.94552e-10 3.15448 1.47866 -0.121269
17400 1.9677e-10 3.48967 1.63578 -0.45592
17420 1.93587e-10 3.67365 1.72203 -0.618138
17440 1.8942e-10 3.51893 1.6495 -0.466108
17460 1.88823e-10 3.25851 1.52742 -0.230865
17480 1.93634e-10 3.73428 1.75045 -0.669589
17500 1.88056e-10 3.46614 1.62475 -0.418174
17520 1.91456e-10 3.47136 1.6272 -0.398649
17540 1.97304e-10 3.62807 1.70066 -0.541753
17560 1.97294e-10 3.8795 1.81852 -0.748894
17580 1.94248e-10 3.45738 1.62065 -0.343669
17600 1.91844e-10 3.70966 1.7389 -0.582639
17620 1.92303e-10 3.57611 1.6763 -0.459934
17640 2.00431e-10 3.69925 1.73403 -0.57777
17660 1.96646e-10 3.03346 1.42194 0.0162861
17680 1.9902e-10 3.77623 1.77011 -0.647553
17700 1.99396e-10 3.45798 1.62093 -0.34413
17720 1.9922e-10 3.67401 1.72219 -0.547957
17740 2.00488e-10 3.70466 1.73656 -0.566488
17760 1.91733e-10 3.43653 1.61088 -0.319296
17780 1.94395e-10 3.613 1.6936 -0.487752
17800 2.02398e-10 3.46484 1.62414 -0.357579
17820 2.00948e-10 2.9542 1.38478 0.11892
17840 1.98064e-10 3.87211 1.81505 -0.741821
17860 1.99577e-10 3.28802 1.54126 -0.20087
17880 2.05285e-10 3.66151 1.71633 -0.547946
17900 2.05514e-10 3.56458 1.6709 -0.457862
17920 2.04921e-10 3.61755 1.69573 -0.502753
17940 2.03834e-10 3.50727 1.64403 -0.403275
17960 2.05742e-10 3.66755 1.71916 -0.542996
17980 2.1093e-10 3.75134 1.75844 -0.621526
18000 2.10857e-10 3.38144 1.58505 -0.294282
18020 2.12887e-10 3.65112 1.71146 -0.53521
18040 2.11887e-10 3.59251 1.68399 -0.485477
18060 2.09411e-10 3.54011 1.65943 -0.429377
18080 2.07638e-10 3.19223 1.49636 -0.096369
18100 2.03718e-10 3.11817 1.46164 -0.0655708
18120 1.94959e-10 3.53172 1.65549 -0.432849
18140 2.01378e-10 3.58313 1.67959 -0.490088
18160 2.04715e-10 3.62069 1.6972 -0.531036
18180 2.04152e-10 3.61886 1.69634 -0.5357
18200 2.06688e-10 3.5805 1.67836 -0.492686
18220 2.06326e-10 3.57998 1.67812 -0.482123
18240 2.03243e-10 3.56223 1.6698 -0.457821
18260 1.9844e-10 3.65894 1.71513 -0.55425
18280 1.97585e-10 3.57289 1.67479 -0.445159
18300 1.97157e-10 3.34553 1.56822 -0.242041
18320 1.95462e-10 3.68349 1.72664 -0.548604
18340 2.01475e-10 3.78166 1.77265 -0.639817
18360 1.98827e-10 3.63371 1.7033 -0.497231
18380 2.05409e-10 3.65376 1.7127 -0.514451
18400 2.02775e-10 3.71399 1.74093 -0.570101
18420 1.95763e-10 3.5356 1.65731 -0.399527
18440 1.96233e-10 3.51126 1.6459 -0.37701
18460 1.9728e-10 3.7149 1.74136 -0.559615
18480 1.97134e-10 3.81483 1.7882 -0.657128
18500 1.95488e-10 3.64808 1.71004 -0.501201
18520 1.98445e-10 3.65305 1.71237 -0.487592
18540 1.98267e-10 3.36182 1.57585 -0.221844
18560 2.01879e-10 3.66628 1.71857 -0.51216
18580 2.02583e-10 3.48425 1.63324 -0.323589
18600 2.07041e-10 3.78986 1.7765 -0.612865
18620 2.08648e-10 3.67298 1.72171 -0.510757
18640 2.07209e-10 3.67427 1.72231 -0.505252
18660 2.05676e-10 3.618 1.69594 -0.455882
18680 2.09829e-10 3.75292 1.75918 -0.589619
18700 2.08702e-10 3.69374 1.73144 -0.535397
18720 2.04533e-10 3.70964 1.73889 -0.544625
18740 2.07825e-10 3.03647 1.42335 0.0813598
18760 2.02451e-10 3.7372 1.75181 -0.592123
18780 1.98702e-10 3.51018 1.6454 -0.315718
18800 1.98855e-10 3.685 1.72735 -0.49357
18820 1.94991e-10 3.76039 1.76268 -0.568041
18840 1.96108e-10 3.65596 1.71373 -0.451672
18860 1.94078e-10 3.93089 1.84261 -0.710953
18880 1.99823e-10 3.08979 1.44834 0.0755812
18900 1.92621e-10 3.25482 1.5257 -0.0935994
18920 1.94052e-10 3.71294 1.74044 -0.497346
18940 2.0385e-10 3.53622 1.6576 -0.34348
18960 2.01094e-10 3.46795 1.6256 -0.277458
18980 1.98512e-10 3.59057 1.68308 -0.391135
19000 1.94923e-10 3.46762 1.62545 -0.268325
19020 1.93728e-10 3.74225 1.75418 -0.528598
19040 1.93095e-10 3.50297 1.64202 -0.301031
19060 1.911e-10 3.63119 1.70212 -0.437186
19080 1.9439e-10 3.77552 1.76977 -0.578782
19100 1.97038e-10 3.69509 1.73207 -0.502602
19120 2.08544e-10 3.60235 1.6886 -0.423594
19140 2.12249e-10 3.65542 1.71348 -0.46836
19160 2.10934e-10 3.3043 1.54889 -0.13296
19180 2.1031e-10 3.69656 1.73276 -0.511223
19200 2.06917e-10 3.70301 1.73578 -0.525955
19220 2.10684e-10 3.8466 1.80309 -0.656493
19240 2.05017e-10 3.695 1.73203 -0.500136
19260 2.09176e-10 3.50322 1.64214 -0.321933
19280 2.089e-10 3.93607 1.84503 -0.728775
19300 2.07872e-10 3.76864 1.76655 -0.568997
19320 2.04643e-10 3.33596 1.56373 -0.170907
19340 2.00993e-10 3.59722 1.6862 -0.412741
19360 2.05024e-10 3.64183 1.70711 -0.443629
19380 2.03488e-10 2.66911 1.25115 0.493655
19400 2.07381e-10 3.67634 1.72328 -0.480187
19420 2.08477e-10 3.77786 1.77087 -0.566921
19440 2.06994e-10 3.65785 1.71462 -0.443521
19460 2.11172e-10 3.88978 1.82333 -0.657247
19480 2.05105e-10 3.5552 1.6665 -0.347925
19500 2.05596e-10 3.84684 1.80321 -0.617269
19520 2.05865e-10 3.67047 1.72054 -0.457705
19540 2.05329e-10 3.74389 1.75495 -0.521375
19560 1.95428e-10 3.72111 1.74427 -0.504149
19580 1.96743e-10 3.39391 1.59089 -0.216103
19600 1.97732e-10 3.64159 1.70699 -0.437837
19620 1.95753e-10 3.68935 1.72938 -0.49396
19640 1.99982e-10 3.00945 1.41068 0.126835
19660 2.02242e-10 3.21321 1.50619 -0.0516721
19680 1.97111e-10 3.40528 1.59622 -0.236733
19700 1.96627e-10 3.79495 1.77888 -0.612162
19720 1.92234e-10 3.49381 1.63772 -0.323852
19740 1.92416e-10 3.75162 1.75857 -0.569616
19760 1.91689e-10 3.62809 1.70067 -0.453215
19780 1.94992e-10 3.80743 1.78473 -0.616293
19800 1.98166e-10 3.69912 1.73396 -0.520724
19820 2.01177e-10 3.57619 1.67634 -0.411991
19840 2.04411e-10 3.75265 1.75906 -0.569936
19860 2.11695e-10 3.55554 1.66666 -0.384422
19880 2.15084e-10 3.81039 1.78612 -0.614087
19900 2.15332e-10 3.68572 1.72768 -0.503131
19920 2.09777e-10 3.59839 1.68675 -0.42619
19940 2.07723e-10 3.43089 1.60823 -0.261317
19960 2.0519e-10 3.71866 1.74312 -0.519455
19980 2.06443e-10 3.60373 1.68925 -0.40368
